 00000000 10000000 01111111 01111111 01111111 01111111 00000000 00000000
 00000000 10000000 01111111 01111111 01111111 01111111 00000000 00000000
 00000000 10000000 01111111 01111111 01111111 01111111 00000000 00000000
 00000000 10000000 01111111 01111111 01111111 01111111 00000000 00000000
 00000000 10000000 01111111 01111111 01111111 01111111 00000000 00000000
 00000000 10000000 01111111 01111111 01111111 01111111 00000000 00000000
 00000000 10000000 01111111 01111111 01111111 01111111 00000000 00000000
 00000000 10000000 01111111 01111111 01111111 01111111 00000000 00000000
 00000000 10000000 01111111 01111111 01111111 01111111 00000000 00000000
 00000000 10000000 01111111 01111111 01111111 01111111 00000000 00000000
 00000000 10000000 01111111 01111111 01111111 01111111 00000000 00000000
 00000000 10000000 01111111 01111111 01111111 01111111 00000000 00000000
 00000000 10000000 01111111 01111111 01111111 01111111 00000000 00000000
 00000000 10000000 01111111 01111111 01111111 01111111 00000000 00000000
 00000000 10000000 01111111 01111111 01111111 01111111 00000000 00000000
 00000000 10000000 01111111 01111111 01111111 01111111 00000000 00000000
 00000000 10000000 01111111 01111111 01111111 01111111 00000000 00000000
 00000000 10000000 01111111 01111111 01111111 01111111 00000000 00000000
 00000000 10000000 01111111 01111111 01111111 01111111 00000000 00000000
 00000000 10000000 01111111 01111111 01111111 01111111 00000000 00000000
 00000000 10000000 01111111 01111111 01111111 01111111 00000000 00000000
 00000000 10000000 01111111 01111111 01111111 01111111 00000000 00000000
 00000000 10000000 01111111 01111111 01111111 01111111 00000000 00000000
 00000000 10000000 01111111 01111111 01111111 01111111 00000000 00000000
 00000000 10000000 01111111 01111111 01111111 01111111 00000000 00000000
 00000000 10000000 01111111 01111111 01111111 01111111 00000000 00000000
 00000000 10000000 01111111 01111111 01111111 01111111 00000000 00000000
 00000000 10000000 01111111 01111111 01111111 01111111 00000000 00000000
 00000000 10000000 01111111 01111111 01111111 01111111 00000000 00000000
 00000000 10000000 01111111 01111111 01111111 01111111 00000000 00000000
 00000000 10000000 01111111 01111111 01111111 01111111 00000000 00000000
 00000000 10000000 01111111 01111111 01111111 01111111 00000000 00000000
 00000000 10000000 01111111 01111111 01111111 01111111 00000000 00000000
 00000000 10000000 01111111 01111111 01111111 01111111 00000000 00000000
 00000000 10000000 01111111 01111111 01111111 01111111 00000000 00000000
 00000000 10000000 01111111 01111111 01111111 01111111 00000000 00000000
 00000000 10000000 01111111 01111111 01111111 01111111 00000000 00000000
 00000000 10000000 01111111 01111111 01111111 01111111 00000000 00000000
 00000000 10000000 01111111 01111111 01111111 01111111 00000000 00000000
 00000000 10000000 01111111 01111111 01111111 01111111 00000000 00000000
 00000000 10000000 01111111 01111111 01111111 01111111 00000000 00000000
 00000000 10000000 01111111 01111111 01111111 01111111 00000000 00000000
 00000000 10000000 01111111 01111111 01111111 01111111 00000000 00000000
 00000000 10000000 01111111 01111111 01111111 01111111 00000000 00000000
 00000000 10000000 01111111 01111111 01111111 01111111 00000000 00000000
 00000000 10000000 01111111 01111111 01111111 01111111 00000000 00000000
 00000000 10000000 01111111 01111111 01111111 01111111 00000000 00000000
 00000000 10000000 01111111 01111111 01111111 01111111 00000000 00000000
 00000000 10000000 01111111 01111111 01111111 01111111 00000000 00000000
 00000000 10000000 01111111 01111111 01111111 01111111 00000000 00000000
 00000000 10000000 01111111 01111111 01111111 01111111 00000000 00000000
 00000000 10000000 01111111 01111111 01111111 01111111 00000000 00000000
 00000000 10000000 01111111 01111111 01111111 01111111 00000000 00000000
 00000000 10000000 01111111 01111111 01111111 01111111 00000000 00000000
 00000000 10000000 01111111 01111111 01111111 01111111 00000000 00000000
 00000000 10000000 01111111 01111111 01111111 01111111 00000000 00000000
 00000000 10000000 01111111 01111111 01111111 01111111 00000000 00000000
 00000000 10000000 01111111 01111111 01111111 01111111 00000000 00000000
 00000000 10000000 01111111 01111111 01111111 01111111 00000000 00000000
 00000000 10000000 01111111 01111111 01111111 01111111 00000000 00000000
 00000000 10000000 01111111 01111111 01111111 01111111 00000000 00000000
 00000000 10000000 01111111 01111111 01111111 01111111 00000000 00000000
 00000000 10000000 01111111 01111111 01111111 01111111 00000000 00000000
 00000000 10000000 01111111 01111111 01111111 01111111 00000000 00000000
 00000000 10000000 01111111 01111111 01111111 01111111 00000000 00000000
 00000000 10000000 01111111 01111111 01111111 01111111 00000000 00000000
 00000000 10000000 01111111 01111111 01111111 01111111 00000000 00000000
 00000000 10000000 01111111 01111111 01111111 01111111 00000000 00000000
 00000000 10000000 01111111 01111111 01111111 01111111 00000000 00000000
 00000000 10000000 01111111 01111111 01111111 01111111 00000000 00000000
 00000000 10000000 01111111 01111111 01111111 01111111 00000000 00000000
 00000000 10000000 01111111 01111111 01111111 01111111 00000000 00000000
 00000000 10000000 01111111 01111111 01111111 01111111 00000000 00000000
 00000000 10000000 01111111 01111111 01111111 01111111 00000000 00000000
 00000000 10000000 01111111 01111111 01111111 01111111 00000000 00000000
 00000000 10000000 01111111 01111111 01111111 01111111 00000000 00000000
 00000000 10000000 01111111 01111111 01111111 01111111 00000000 00000000
 00000000 10000000 01111111 01111111 01111111 01111111 00000000 00000000
 00000000 10000000 01111111 01111111 01111111 01111111 00000000 00000000
 00000000 10000000 01111111 01111111 01111111 01111111 00000000 00000000
 00000000 10000000 01111111 01111111 01111111 01111111 00000000 00000000
 00000000 10000000 01111111 01111111 01111111 01111111 00000000 00000000
 00000000 10000000 01111111 01111111 01111111 01111111 00000000 00000000
 00000000 10000000 01111111 01111111 01111111 01111111 00000000 00000000
 00000000 10000000 01111111 01111111 01111111 01111111 00000000 00000000
 00000000 10000000 01111111 01111111 01111111 01111111 00000000 00000000
 00000000 10000000 01111111 01111111 01111111 01111111 00000000 00000000
 00000000 10000000 01111111 01111111 01111111 01111111 00000000 00000000
 00000000 10000000 01111111 01111111 01111111 01111111 00000000 00000000
 00000000 10000000 01111111 01111111 01111111 01111111 00000000 00000000
 00000000 10000000 01111111 01111111 01111111 01111111 00000000 00000000
 00000000 10000000 01111111 01111111 01111111 01111111 00000000 00000000
 00000000 10000000 01111111 01111111 01111111 01111111 00000000 00000000
 00000000 10000000 01111111 01111111 01111111 01111111 00000000 00000000
 00000000 10000000 01111111 01111111 01111111 01111111 00000000 00000000
 00000000 10000000 01111111 01111111 01111111 01111111 00000000 00000000
 00000000 10000000 01111111 01111111 01111111 01111111 00000000 00000000
 00000000 10000000 01111111 01111111 01111111 01111111 00000000 00000000
 00000000 10000000 01111111 01111111 01111111 01111111 00000000 00000000
 00000000 10000000 01111111 01111111 01111111 01111111 00000000 00000000
 00000000 10000000 01111111 01111111 01111111 01111111 00000000 00000000
 00000000 10000000 01111111 01111111 01111111 01111111 00000000 00000000
 00000000 10000000 01111111 01111111 01111111 01111111 00000000 00000000
 00000000 10000000 01111111 01111111 01111111 01111111 00000000 00000000
 00000000 10000000 01111111 01111111 01111111 01111111 00000000 00000000
 00000000 10000000 01111111 01111111 01111111 01111111 00000000 00000000
 00000000 10000000 01111111 01111111 01111111 01111111 00000000 00000000
 00000000 10000000 01111111 01111111 01111111 01111111 00000000 00000000
 00000000 10000000 01111111 01111111 01111111 01111111 00000000 00000000
 00000000 10000000 01111111 01111111 01111111 01111111 00000000 00000000
 00000000 10000000 01111111 01111111 01111111 01111111 00000000 00000000
 00000000 10000000 01111111 01111111 01111111 01111111 00000000 00000000
 00000000 10000000 01111111 01111111 01111111 01111111 00000000 00000000
 00000000 10000000 01111111 01111111 01111111 01111111 00000000 00000000
 00000000 10000000 01111111 01111111 01111111 01111111 00000000 00000000
 00000000 10000000 01111111 01111111 01111111 01111111 00000000 00000000
 00000000 10000000 01111111 01111111 01111111 01111111 00000000 00000000
 00000000 10000000 01111111 01111111 01111111 01111111 00000000 00000000
 00000000 10000000 01111111 01111111 01111111 01111111 00000000 00000000
 00000000 10000000 01111111 01111111 01111111 01111111 00000000 00000000
 00000000 10000000 01111111 01111111 01111111 01111111 00000000 00000000
 00000000 10000000 01111111 01111111 01111111 01111111 00000000 00000000
 00000000 10000000 01111111 01111111 01111111 01111111 00000000 00000000
 00000000 10000000 01111111 01111111 01111111 01111111 00000000 00000000
 00000000 10000000 01111111 01111111 01111111 01111111 00000000 00000000
 00000000 10000000 01111111 01111111 01111111 01111111 00000000 00000000
 00000000 10000000 01111111 01111111 01111111 01111111 00000000 00000000
 00000000 10000000 01111111 01111111 01111111 01111111 00000000 00000000
 00000000 10000000 01111111 01111111 01111111 01111111 00000000 00000000
 00000000 10000000 01111111 01111111 01111111 01111111 00000000 00000000
 00000000 10000000 01111111 01111111 01111111 01111111 00000000 00000000
 00000000 10000000 01111111 01111111 01111111 01111111 00000000 00000000
 00000000 10000000 01111111 01111111 01111111 01111111 00000000 00000000
 00000000 10000000 01111111 01111111 01111111 01111111 00000000 00000000
 00000000 10000000 01111111 01111111 01111111 01111111 00000000 00000000
 00000000 10000000 01111111 01111111 01111111 01111111 00000000 00000000
 00000000 10000000 01111111 01111111 01111111 01111111 00000000 00000000
 00000000 10000000 01111111 01111111 01111111 01111111 00000000 00000000
 00000000 10000000 01111111 01111111 01111111 01111111 00000000 00000000
 00000000 10000000 01111111 01111111 01111111 01111111 00000000 00000000
 00000000 10000000 01111111 01111111 01111111 01111111 00000000 00000000
 00000000 10000000 01111111 01111111 01111111 01111111 00000000 00000000
 00000000 10000000 01111111 01111111 01111111 01111111 00000000 00000000
 00000000 10000000 01111111 01111111 01111111 01111111 00000000 00000000
 00000000 10000000 01111111 01111111 01111111 01111111 00000000 00000000
 00000000 10000000 01111111 01111111 01111111 01111111 00000000 00000000
 00000000 10000000 01111111 01111111 01111111 01111111 00000000 00000000
 00000000 10000000 01111111 01111111 01111111 01111111 00000000 00000000
 00000000 10000000 01111111 01111111 01111111 01111111 00000000 00000000
 00000000 10000000 01111111 01111111 01111111 01111111 00000000 00000000
 00000000 10000000 01111111 01111111 01111111 01111111 00000000 00000000
 00000000 10000000 01111111 01111111 01111111 01111111 00000000 00000000
 00000000 10000000 01111111 01111111 01111111 01111111 00000000 00000000
 00000000 10000000 01111111 01111111 01111111 01111111 00000000 00000000
 00000000 10000000 01111111 01111111 01111111 01111111 00000000 00000000
 00000000 10000000 01111111 01111111 01111111 01111111 00000000 00000000
 00000000 10000000 01111111 01111111 01111111 01111111 00000000 00000000
 00000000 10000000 01111111 01111111 01111111 01111111 00000000 00000000
 00000000 10000000 01111111 01111111 01111111 01111111 00000000 00000000
 00000000 10000000 01111111 01111111 01111111 01111111 00000000 00000000
 00000000 10000000 01111111 01111111 01111111 01111111 00000000 00000000
 00000000 10000000 01111111 01111111 01111111 01111111 00000000 00000000
 00000000 10000000 01111111 01111111 01111111 01111111 00000000 00000000
 00000000 10000000 01111111 01111111 01111111 01111111 00000000 00000000
 00000000 10000000 01111111 01111111 01111111 01111111 00000000 00000000
 00000000 10000000 01111111 01111111 01111111 01111111 00000000 00000000
 00000000 10000000 01111111 01111111 01111111 01111111 00000000 00000000
 00000000 10000000 01111111 01111111 01111111 01111111 00000000 00000000
 00000000 10000000 01111111 01111111 01111111 01111111 00000000 00000000
 00000000 10000000 01111111 01111111 01111111 01111111 00000000 00000000
 00000000 10000000 01111111 01111111 01111111 01111111 00000000 00000000
 00000000 10000000 01111111 01111111 01111111 01111111 00000000 00000000
 00000000 10000000 01111111 01111111 01111111 01111111 00000000 00000000
 00000000 10000000 01111111 01111111 01111111 01111111 00000000 00000000
 00000000 10000000 01111111 01111111 01111111 01111111 00000000 00000000
 00000000 10000000 01111111 01111111 01111111 01111111 00000000 00000000
 00000000 10000000 01111111 01111111 01111111 01111111 00000000 00000000
 00000000 10000000 01111111 01111111 01111111 01111111 00000000 00000000
 00000000 10000000 01111111 01111111 01111111 01111111 00000000 00000000
 00000000 10000000 01111111 01111111 01111111 01111111 00000000 00000000
 00000000 10000000 01111111 01111111 01111111 01111111 00000000 00000000
 00000000 10000000 01111111 01111111 01111111 01111111 00000000 00000000
 00000000 10000000 01111111 01111111 01111111 01111111 00000000 00000000
 00000000 10000000 01111111 01111111 01111111 01111111 00000000 00000000
 00000000 10000000 01111111 01111111 01111111 01111111 00000000 00000000
 00000000 10000000 01111111 01111111 01111111 01111111 00000000 00000000
 00000000 10000000 01111111 01111111 01111111 01111111 00000000 00000000
 00000000 10000000 01111111 01111111 01111111 01111111 00000000 00000000
 00000000 10000000 01111111 01111111 01111111 01111111 00000000 00000000
 00000000 10000000 01111111 01111111 01111111 01111111 00000000 00000000
 00000000 10000000 01111111 01111111 01111111 01111111 00000000 00000000
 00000000 10000000 01111111 01111111 01111111 01111111 00000000 00000000
 00000000 10000000 01111111 01111111 01111111 01111111 00000000 00000000
 00000000 10000000 01111111 01111111 01111111 01111111 00000000 00000000
 00000000 10000000 01111111 01111111 01111111 01111111 00000000 00000000
 00000000 10000000 01111111 01111111 01111111 01111111 00000000 00000000
 00000000 10000000 01111111 01111111 01111111 01111111 00000000 00000000
 00000000 10000000 01111111 01111111 01111111 01111111 00000000 00000000
 00000000 10000000 01111111 01111111 01111111 01111111 00000000 00000000
 00000000 10000000 01111111 01111111 01111111 01111111 00000000 00000000
 00000000 10000000 01111111 01111111 01111111 01111111 00000000 00000000
 00000000 10000000 01111111 01111111 01111111 01111111 00000000 00000000
 00000000 10000000 01111111 01111111 01111111 01111111 00000000 00000000
 00000000 10000000 01111111 01111111 01111111 01111111 00000000 00000000
 00000000 10000000 01111111 01111111 01111111 01111111 00000000 00000000
 00000000 10000000 01111111 01111111 01111111 01111111 00000000 00000000
 00000000 10000000 01111111 01111111 01111111 01111111 00000000 00000000
 00000000 10000000 01111111 01111111 01111111 01111111 00000000 00000000
 00000000 10000000 01111111 01111111 01111111 01111111 00000000 00000000
 00000000 10000000 01111111 01111111 01111111 01111111 00000000 00000000
 00000000 10000000 01111111 01111111 01111111 01111111 00000000 00000000
 00000000 10000000 01111111 01111111 01111111 01111111 00000000 00000000
 00000000 10000000 01111111 01111111 01111111 01111111 00000000 00000000
 00000000 10000000 01111111 01111111 01111111 01111111 00000000 00000000
 00000000 10000000 01111111 01111111 01111111 01111111 00000000 00000000
 00000000 10000000 01111111 01111111 01111111 01111111 00000000 00000000
 00000000 10000000 01111111 01111111 01111111 01111111 00000000 00000000
 00000000 10000000 01111111 01111111 01111111 01111111 00000000 00000100
 00000000 10000000 01111111 01111111 01111111 01111111 00000000 00001001
 00000000 10000000 01111111 01111111 01111111 01111111 00000000 00001100
 00000000 10000000 01111111 01111111 01111111 01111111 00000000 00010000
 00000000 10000000 01111111 01111111 01111111 01111111 00000000 00010100
 00000000 10000000 01111111 01111111 01111111 01111111 00000000 00010110
 00000000 10000000 01111111 01111111 01111111 01111111 00000000 00010111
 00000000 10000000 01111111 01111111 01111111 01111111 00000000 00010111
 00000000 10000000 01111111 01111111 01111111 01111111 00000000 00010111
 00000000 10000000 01111111 01111111 01111111 01111111 00000000 00011000
 00000000 10000000 01111111 01111111 01111111 01111111 00000000 00011000
 00000000 10000000 01111111 01111111 01111111 01111111 00000000 00011000
 00000000 10000000 01111111 01111111 01111111 01111111 00000000 00011001
 00000000 10000000 01111111 01111111 01111111 01111111 00000000 00011001
 00000000 10000000 01111111 01111111 01111111 01111111 00000000 00011010
 00000000 10000000 01111111 01111111 01111111 01111111 00000000 00011010
 00000000 10000000 01111111 01111111 01111111 01111111 00000000 00011011
 00000000 10000000 01111111 01111111 01111111 01111111 00000000 00011011
 00000000 10000000 01111111 01111111 01111111 01111111 00000000 00011100
 00000000 10000000 01111111 01111111 01111111 01111111 00000000 00011101
 00000000 10000000 01111111 01111111 01111111 01111111 00000000 00100001
 00000000 10000000 01111111 01111111 01111111 01111111 00000000 00100110
 00000000 10000000 01111111 01111111 01111111 01111111 00000000 00101000
 00000000 10000000 01111111 01111111 01111111 01111111 00000000 00101001
 00000000 10000000 01111111 01111111 01111111 01111111 00000000 00101010
 00000000 10000000 01111111 01111111 01111111 01111111 00000000 00101010
 00000000 10000000 01111111 01111111 01111111 01111111 00000000 00101010
 00000000 10000000 01111111 01111111 01111111 01111111 00000000 00101010
 00000000 10000000 01111111 01111111 01111111 01111111 00000000 00101010
 00000000 10000000 01111111 01111111 01111111 01111111 00000000 00101010
 00000000 10000000 01111111 01111111 01111111 01111111 00000000 00101010
 00000000 10000000 01111111 01111111 01111111 01111111 00000000 00101010
 00000000 10000000 01111111 01111111 01111111 01111111 00000000 00101010
 00000000 10000000 01111111 01111111 01111111 01111111 00000000 00101010
 00000000 10000000 01111111 01111111 01111111 01111111 00000000 00101010
 00000000 10000000 01111111 01111111 01111111 01111111 00000000 00101010
 00000000 10000000 01111111 01111111 01111111 01111111 00000000 00101010
 00000000 10000000 01111111 01111111 01111111 01111111 00000000 00101010
 00000000 10000000 01111111 01111111 01111111 01111111 00000000 00101010
 00000000 10000000 01111111 01111111 01111111 01111111 00000000 00101011
 00000000 10000000 01111111 01111111 01111111 01111111 00000000 00110011
 00000000 10000000 01111111 01111111 01111111 01111111 00000000 00110111
 00000000 10000000 01111111 01111111 01111111 01111111 00000000 00111010
 00000000 10000000 01111111 01111111 01111111 01111111 00000000 00111111
 00000000 10000000 01111111 01111111 01111111 01111111 00000000 01000101
 00000000 10000000 01111111 01111111 01111111 01111111 00000000 01001000
 00000000 10000000 01111111 01111111 01111111 01111111 00000000 01001001
 00000000 10000000 01111111 01111111 01111111 01111111 00000000 01001001
 00000000 10000000 01111111 01111111 01111111 01111111 00000000 01001001
 00000000 10000000 01111111 01111111 01111111 01111111 00000000 01001010
 00000000 10000000 01111111 01111111 01111111 01111111 00000000 01001010
 00000000 10000000 01111111 01111111 01111111 01111111 00000000 01001010
 00000000 10000000 01111111 01111111 01111111 01111111 00000000 01001010
 00000000 10000000 01111111 01111111 01111111 01111111 00000000 01001011
 00000000 10000000 01111111 01111111 01111111 01111111 00000000 01001011
 00000000 10000000 01111111 01111111 01111111 01111111 00000000 01001011
 00000000 10000000 01111111 01111111 01111111 01111111 00000000 01001011
 00000000 10000000 01111111 01111111 01111111 01111111 00000000 01001011
 00000000 10000000 01111111 01111111 01111111 01111111 00000000 01001100
 00000000 10000000 01111111 01111111 01111111 01111111 00000000 01001101
 00000000 10000000 01111111 01111111 01111111 01111111 00000000 01010011
 00000000 10000000 01111111 01111111 01111111 01111111 00000000 01010110
 00000000 10000000 01111111 01111111 01111111 01111111 00000000 01011011
 00000000 10000000 01111111 01111111 01111111 01111111 00000000 01011111
 00000000 10000000 01111111 01111111 01111111 01111111 00000000 01100010
 00000000 10000000 01111111 01111111 01111111 01111111 00000000 01100111
 00000000 10000000 01111111 01111111 01111111 01111111 00000000 01101010
 00000000 10000000 01111111 01111111 01111111 01111111 00000000 01101110
 00000000 10000000 01111111 01111111 01111111 01111111 00000000 01110000
 00000000 10000000 01111111 01111111 01111111 01111111 00000000 01110001
 00000000 10000000 01111111 01111111 01111111 01111111 00000000 01110010
 00000000 10000000 01111111 01111111 01111111 01111111 00000000 01110011
 00000000 10000000 01111111 01111111 01111111 01111111 00000000 01110011
 00000000 10000000 01111111 01111111 01111111 01111111 00000000 01110011
 00000000 10000000 01111111 01111111 01111111 01111111 00000000 01110100
 00000000 10000000 01111111 01111111 01111111 01111111 00000000 01110100
 00000000 10000000 01111111 01111111 01111111 01111111 00000000 01110100
 00000000 10000000 01111111 01111111 01111111 01111111 00000000 01110100
 00000000 10000000 01111111 01111111 01111111 01111111 00000000 01110100
 00000000 10000000 01111111 01111111 01111111 01111111 00000000 01110100
 00000000 10000000 01111111 01111111 01111111 01111111 00000000 01110100
 00000000 10000000 01111111 01111111 01111111 01111111 00000000 01110100
 00000000 10000000 01111111 01111111 01111111 01111111 00000000 01110100
 00000000 10000000 01111111 01111111 01111111 01111111 00000000 01110100
 00000000 10000000 01111111 01111111 01111111 01111111 00000000 01110100
 00000000 10000000 01111111 01111111 01111111 01111111 00000000 01110100
 00000000 10000000 01111111 01111111 01111111 01111111 00000000 01110100
 00000000 10000000 01111111 01111111 01111111 01111111 00000000 01110100
 00000000 10000000 01111111 01111111 01111111 01111111 00000000 01110100
 00000000 10000000 01111111 01111111 01111111 01111111 00000000 01110100
 00000000 10000000 01111111 01111111 01111111 01111111 00000000 01110100
 00000000 10000000 01111111 01111111 01111111 01111111 00000000 01110100
 00000000 10000000 01111111 01111111 01111111 01111111 00000000 01110100
 00000000 10000000 01111111 01111111 01111111 01111111 00000000 01110100
 00000000 10000000 01111111 01111111 01111111 01111111 00000000 01110100
 00000000 10000000 01111111 01111111 01111111 01111111 00000000 01110100
 00000000 10000000 01111111 01111111 01111111 01111111 00000000 01110100
 00000000 10000000 01111111 01111111 01111111 01111111 00000000 01110100
 00000000 10000000 01111111 01111111 01111111 01111111 00000000 01110100
 00000000 10000000 01111111 01111111 01111111 01111111 00000000 01110100
 00000000 10000000 01111111 01111111 01111111 01111111 00000000 01110100
 00000000 10000000 01111111 01111111 01111111 01111111 00000000 01110100
 00000000 10000000 01111111 01111111 01111111 01111111 00000000 01110100
 00000000 10000000 01111111 01111111 01111111 01111111 00000000 01110100
 00000000 10000000 01111111 01111111 01111111 01111111 00000000 01110100
 00000000 10000000 01111111 01111111 01111111 01111111 00000000 01110100
 00000000 10000000 01111111 01111111 01111111 01111111 00000000 01110100
 00000000 10000000 01111111 01111111 01111111 01111111 00000000 01110100
 00000000 10000000 01111111 01111111 01111111 01111111 00000000 01110100
 00000000 10000000 01111111 01111111 01111111 01111111 00000000 01110100
 00000000 10000000 01111111 01111111 01111111 01111111 00000000 01110100
 00000000 10000000 01111111 01111111 01111111 01111111 00000000 01110101
 00000000 10000000 01111111 01111111 01111111 01111111 00000000 01110101
 00000000 10000000 01111111 01111111 01111111 01111111 00000000 01110101
 00000000 10000000 01111111 01111111 01111111 01111111 00000000 01111001
 00000000 10000000 01111111 01111111 01111111 01111111 00000000 01111101
 00000000 10000000 01111111 01111111 01111111 01111111 00000000 01111111
 00000000 10000000 01111111 01111111 01111111 01111111 00000000 10000010
 00000000 10000000 01111111 01111111 01111111 01111111 00000000 10000101
 00000000 10000000 01111111 01111111 01111111 01111111 00000000 10000111
 00000000 10000000 01111111 01111111 01111111 01111111 00000000 10001001
 00000000 10000000 01111111 01111111 01111111 01111111 00000000 10001010
 00000000 10000000 01111111 01111111 01111111 01111111 00000000 10001011
 00000000 10000000 01111111 01111111 01111111 01111111 00000000 10001100
 00000000 10000000 01111111 01111111 01111111 01111111 00000000 10001101
 00000000 10000000 01111111 01111111 01111111 01111111 00000000 10001101
 00000000 10000000 01111111 01111111 01111111 01111111 00000000 10001101
 00000000 10000000 01111111 01111111 01111111 01111111 00000000 10001101
 00000000 10000000 01111111 01111111 01111111 01111111 00000000 10001101
 00000000 10000000 01111111 01111111 01111111 01111111 00000000 10001101
 00000000 10000000 01111111 01111111 01111111 01111111 00000000 10001101
 00000000 10000000 01111111 01111111 01111111 01111111 00000000 10001101
 00000000 10000000 01111111 01111111 01111111 01111111 00000000 10001110
 00000000 10000000 01111111 01111111 01111111 01111111 00000000 10001110
 00000000 10000000 01111111 01111111 01111111 01111111 00000000 10001111
 00000000 10000000 01111111 01111111 01111111 01111111 00000000 10001111
 00000000 10000000 01111111 01111111 01111111 01111111 00000000 10001111
 00000000 10000000 01111111 01111111 01111111 01111111 00000000 10001111
 00000000 10000000 01111111 01111111 01111111 01111111 00000000 10010000
 00000000 10000000 01111111 01111111 01111111 01111111 00000000 10010000
 00000000 10000000 01111111 01111111 01111111 01111111 00000000 10010000
 00000000 10000000 01111111 01111111 01111111 01111111 00000000 10010000
 00000000 10000000 01111111 01111111 01111111 01111111 00000000 10010001
 00000000 10000000 01111111 01111111 01111111 01111111 00000000 10010001
 00000000 10000000 01111111 01111111 01111111 01111111 00000000 10010001
 00000000 10000000 01111111 01111111 01111111 01111111 00000000 10010001
 00000000 10000000 01111111 01111111 01111111 01111111 00000000 10010001
 00000000 10000000 01111111 01111111 01111111 01111111 00000000 10010001
 00000000 10000000 01111111 01111111 01111111 01111111 00000000 10010010
 00000000 10000000 01111111 01111111 01111111 01111111 00000000 10010010
 00000000 10000000 01111111 01111111 01111111 01111111 00000000 10010010
 00000000 10000000 01111111 01111111 01111111 01111111 00000000 10010010
 00000000 10000000 01111111 01111111 01111111 01111111 00000000 10010010
 00000000 10000000 01111111 01111111 01111111 01111111 00000000 10010010
 00000000 10000000 01111111 01111111 01111111 01111111 00000000 10010011
 00000000 10000000 01111111 01111111 01111111 01111111 00000000 10011001
 00000000 10000000 01111111 01111111 01111111 01111111 00000000 10011100
 00000000 10000000 01111111 01111111 01111111 01111111 00000000 10100010
 00000000 10000000 01111111 01111111 01111111 01111111 00000000 10100110
 00000000 10000000 01111111 01111111 01111111 01111111 00000000 10101001
 00000000 10000000 01111111 01111111 01111111 01111111 00000000 10101001
 00000000 10000000 01111111 01111111 01111111 01111111 00000000 10101010
 00000000 10000000 01111111 01111111 01111111 01111111 00000000 10101010
 00000000 10000000 01111111 01111111 01111111 01111111 00000000 10101010
 00000000 10000000 01111111 01111111 01111111 01111111 00000000 10101010
 00000000 10000000 01111111 01111111 01111111 01111111 00000000 10101010
 00000000 10000000 01111111 01111111 01111111 01111111 00000000 10101010
 00000000 10000000 01111111 01111111 01111111 01111111 00000000 10101010
 00000000 10000000 01111111 01111111 01111111 01111111 00000000 10101010
 00000000 10000000 01111111 01111111 01111111 01111111 00000000 10101010
 00000000 10000000 01111111 01111111 01111111 01111111 00000000 10101010
 00000000 10000000 01111111 01111111 01111111 01111111 00000000 10101010
 00000000 10000000 01111111 01111111 01111111 01111111 00000000 10101010
 00000000 10000000 01111111 01111111 01111111 01111111 00000000 10101010
 00000000 10000000 01111111 01111111 01111111 01111111 00000000 10101011
 00000000 10000000 01111111 01111111 01111111 01111111 00000000 10101011
 00000000 10000000 01111111 01111111 01111111 01111111 00000000 10101011
 00000000 10000000 01111111 01111111 01111111 01111111 00000000 10101011
 00000000 10000000 01111111 01111111 01111111 01111111 00000000 10101011
 00000000 10000000 01111111 01111111 01111111 01111111 00000000 10101011
 00000000 10000000 01111111 01111111 01111111 01111111 00000000 10101011
 00000000 10000000 01111111 01111111 01111111 01111111 00000000 10101011
 00000000 10000000 01111111 01111111 01111111 01111111 00000000 10101011
 00000000 10000000 01111111 01111111 01111111 01111111 00000000 10101011
 00000000 10000000 01111111 01111111 01111111 01111111 00000000 10101100
 00000000 10000000 01111111 01111111 01111111 01111111 00000000 10101101
 00000000 10000000 01111111 01111111 01111111 01111111 00000000 10101101
 00000000 10000000 01111111 01111111 01111111 01111111 00000000 10101110
 00000000 10000000 01111111 01111111 01111111 01111111 00000000 10101110
 00000000 10000000 01111111 01111111 01111111 01111111 00000000 10101111
 00000000 10000000 01111111 01111111 01111111 01111111 00000000 10101111
 00000000 10000000 01111111 01111111 01111111 01111111 00000000 10101111
 00000000 10000000 01111111 01111111 01111111 01111111 00000000 10101111
 00000000 10000000 01111111 01111111 01111111 01111111 00000000 10101111
 00000000 10000000 01111111 01111111 01111111 01111111 00000000 10101111
 00000000 10000000 01111111 01111111 01111111 01111111 00000000 10101111
 00000000 10000000 01111111 01111111 01111111 01111111 00000000 10101111
 00000000 10000000 01111111 01111111 01111111 01111111 00000000 10101111
 00000000 10000000 01111111 01111111 01111111 01111111 00000000 10101111
 00000000 10000000 01111111 01111111 01111111 01111111 00000000 10110000
 00000000 10000000 01111111 01111111 01111111 01111111 00000000 10110000
 00000000 10000000 01111111 01111111 01111111 01111111 00000000 10110000
 00000000 10000000 01111111 01111111 01111111 01111111 00000000 10110000
 00000000 10000000 01111111 01111111 01111111 01111111 00000000 10110000
 00000000 10000000 01111111 01111111 01111111 01111111 00000000 10110000
 00000000 10000000 01111111 01111111 01111111 01111111 00000000 10110001
 00000000 10000000 01111111 01111111 01111111 01111111 00000000 10110001
 00000000 10000000 01111111 01111111 01111111 01111111 00000000 10110001
 00000000 10000000 01111111 01111111 01111111 01111111 00000000 10110010
 00000000 10000000 01111111 01111111 01111111 01111111 00000000 10110010
 00000000 10000000 01111111 01111111 01111111 01111111 00000000 10110010
 00000000 10000000 01111111 01111111 01111111 01111111 00000000 10110011
 00000000 10000000 01111111 01111111 01111111 01111111 00000000 10110011
 00000000 10000000 01111111 01111111 01111111 01111111 00000000 10110100
 00000000 10000000 01111111 01111111 01111111 01111111 00000000 10110101
 00000000 10000000 01111111 01111111 01111111 01111111 00000000 10110110
 00000000 10000000 01111111 01111111 01111111 01111111 00000000 10110110
 00000000 10000000 01111111 01111111 01111111 01111111 00000000 10110111
 00000000 10000000 01111111 01111111 01111111 01111111 00000000 10110111
 00000000 10000000 01111111 01111111 01111111 01111111 00000000 10110111
 00000000 10000000 01111111 01111111 01111111 01111111 00000000 10110111
 00000000 10000000 01111111 01111111 01111111 01111111 00000000 10110111
 00000000 10000000 01111111 01111111 01111111 01111111 00000000 10111000
 00000000 10000000 01111111 01111111 01111111 01111111 00000000 10111000
 00000000 10000000 01111111 01111111 01111111 01111111 00000000 10111001
 00000000 10000000 01111111 01111111 01111111 01111111 00000000 10111010
 00000000 10000000 01111111 01111111 01111111 01111111 00000000 10111010
 00000000 10000000 01111111 01111111 01111111 01111111 00000000 10111011
 00000000 10000000 01111111 01111111 01111111 01111111 00000000 10111100
 00000000 10000000 01111111 01111111 01111111 01111111 00000000 10111100
 00000000 10000000 01111111 01111111 01111111 01111111 00000000 10111101
 00000000 10000000 01111111 01111111 01111111 01111111 00000000 10111101
 00000000 10000000 01111111 01111111 01111111 01111111 00000000 10111110
 00000000 10000000 01111111 01111111 01111111 01111111 00000000 10111110
 00000000 10000000 01111111 01111111 01111111 01111111 00000000 10111111
 00000000 10000000 01111111 01111111 01111111 01111111 00000000 10111111
 00000000 10000000 01111111 01111111 01111111 01111111 00000000 11000000
 00000000 10000000 01111111 01111111 01111111 01111111 00000000 11000001
 00000000 10000000 01111111 01111111 01111111 01111111 00000000 11000010
 00000000 10000000 01111111 01111111 01111111 01111111 00000000 11000011
 00000000 10000000 01111111 01111111 01111111 01111111 00000000 11000100
 00000000 10000000 01111111 01111111 01111111 01111111 00000000 11000100
 00000000 10000000 01111111 01111111 01111111 01111111 00000000 11000101
 00000000 10000000 01111111 01111111 01111111 01111111 00000000 11000101
 00000000 10000000 01111111 01111111 01111111 01111111 00000000 11000110
 00000000 10000000 01111111 01111111 01111111 01111111 00000000 11001000
 00000000 10000000 01111111 01111111 01111111 01111111 00000000 11100000
 00000000 10000000 01111111 01111111 01111111 01111111 00000000 11111111
 00000000 10000000 01111111 01111111 01111111 01111111 00000000 11111111
 00000000 10000000 01111111 01111111 01111111 01111111 00000000 11111111
 00000000 10100000 01111111 01111111 01111111 01111111 00000000 11111111
 00000000 10100000 01111111 01111111 01111111 01111111 00000000 11111111
 00000000 10100000 01111111 01111111 01111111 01111111 00000000 11111111
 00000000 10100000 01111111 01111111 01111111 01111111 00000000 11111111
 00000000 10100000 01111111 01111111 01111111 01111111 00000000 11111111
 00000000 10100000 01111111 01111111 01111111 01111111 00000000 11111111
 00000000 10100000 01111111 01111111 01111111 01111111 00000000 11111111
 00000000 10100000 01111111 01111111 01111111 01111111 00000000 11111111
 00000000 10100000 01111111 01111111 01111111 01111111 00000000 11111111
 00000000 10100000 01111111 01111111 01111111 01111111 00000000 11111111
 00000000 10100000 01111111 01111111 01111111 01111111 00000000 11111111
 00000000 10100000 01111111 01111111 01111111 01111111 00000000 11111111
 00000000 10100000 01111111 01111111 01111111 01111111 00000000 11111111
 00000000 10100000 01111111 01111111 01111111 01111111 00000000 11111111
 00000000 10100000 01111111 01111111 01111111 01111111 00000000 11111111
 00000000 10100000 01111111 01111111 01111111 01111111 00000000 11111111
 00000000 10100000 01111111 01111111 01111111 01111111 00000000 11111111
 00000000 10100000 01111111 01111111 01111111 01111111 00000000 11111111
 00000000 10100000 01111111 01111111 01111111 01111111 00000000 11111111
 00000000 10100000 01111111 01111111 01111111 01111111 00000000 11111111
 00000000 10100000 01111111 01111111 01111111 01111111 00000000 11111111
 00000000 10100000 01111111 01111111 01111111 01111111 00000000 11111111
 00000000 10100000 01111111 01111111 01111111 01111111 00000000 11111111
 00000000 10100000 01111111 01111111 01111111 01111111 00000000 11111111
 00000000 10100000 01111111 01111111 01111111 01111111 00000000 11111111
 00000000 10100000 01111111 01111111 01111111 01111111 00000000 11111111
 00000000 10100000 01111111 01111111 01111111 01111111 00000000 11111111
 00000000 10100000 01111111 01111111 01111111 01111111 00000000 11111111
 00000000 10100000 01111111 01111111 01111111 01111111 00000000 11111111
 00000000 10100000 01111111 01111111 01111111 01111111 00000000 11111111
 00000000 10100000 01111111 01111111 01111111 01111111 00000000 11111111
 00000000 10100000 01111111 01111111 01111111 01111111 00000000 11111111
 00000000 10100000 01111111 01111111 01111111 01111111 00000000 11111111
 00000000 10100000 01111111 01111111 01111111 01111111 00000000 11111111
 00000000 10100000 01111111 01111111 01111111 01111111 00000000 11111111
 00000000 10100000 01111111 01111111 01111111 01111111 00000000 11111111
 00000000 10100000 01111111 01111111 01111111 01111111 00000000 11111111
 00000000 10100000 01111111 01111111 01111111 01111111 00000000 11111111
 00000000 10100000 01111111 01111111 01111111 01111111 00000000 11111111
 00000000 10100000 01111111 01111111 01111111 01111111 00000000 11111111
 00000000 10100000 01111111 01111111 01111111 01111111 00000000 11111111
 00000000 10100000 01111111 01111111 01111111 01111111 00000000 11111111
 00000000 10100000 01111111 01111111 01111111 01111111 00000000 11111111
 00000000 10100000 01111111 01111111 01111111 01111111 00000000 11111111
 00000000 10100000 01111111 01111111 01111111 01111111 00000000 11111111
 00000000 10100000 01111111 01111111 01111111 01111111 00000000 11111111
 00000000 10100000 01111111 01111111 01111111 01111111 00000000 11111111
 00000000 10100000 01111111 01111111 01111111 01111111 00000000 11111111
 00000000 10100000 01111111 01111111 01111111 01111111 00000000 11111111
 00000000 10100000 01111111 01111111 01111111 01111111 00000000 11111111
 00000000 10100000 01111111 01111111 01111111 01111111 00000000 11111111
 00000000 10100000 01111111 01111111 01111111 01111111 00000000 11111111
 00000000 10100000 01111111 01111111 01111111 01111111 00000000 11111111
 00000000 10100000 01111111 01111111 01111111 01111111 00000000 11111111
 00000000 10100000 01111111 01111111 01111111 01111111 00000000 11111111
 00000000 10100000 01111111 01111111 01111111 01111111 00000000 11111111
 00000000 10100000 01111111 01111111 01111111 01111111 00000000 11111111
 00000000 10100000 01111111 01111111 01111111 01111111 00000000 11111111
 00000000 10100000 01111111 01111111 01111111 01111111 00000000 11111111
 00000000 10100000 01111111 01111111 01111111 01111111 00000000 11111111
 00000000 10100000 01111111 01111111 01111111 01111111 00000000 11111111
 00000000 10100000 01111111 01111111 01111111 01111111 00000000 11111111
 00000000 10100000 01111111 01111111 01111111 01111111 00000000 11111111
 00000000 10100000 01111111 01111111 01111111 01111111 00000000 11111111
 00000000 10100000 01111111 01111111 01111111 01111111 00000000 11111111
 00000000 10100000 01111111 01111111 01111111 01111111 00000000 11111111
 00000000 10100000 01111111 01111111 01111111 01111111 00000000 11111111
 00000000 10100000 01111111 01111111 01111111 01111111 00000000 11111111
 00000000 10100000 01111111 01111111 01111111 01111111 00000000 11111111
 00000000 10100000 01111111 01111111 01111111 01111111 00000000 11111111
 00000000 10100000 01111111 01111111 01111111 01111111 00000000 11111111
 00000000 10100000 01111111 01111111 01111111 01111111 00000000 11111111
 00000000 10100000 01111111 01111111 01111111 01111111 00000000 11111111
 00000000 10100000 01111111 01111111 01111111 01111111 00000000 11111111
 00000000 10100000 01111111 01111111 01111111 01111111 00000000 11111111
 00000000 10100000 01111111 01111111 01111111 01111111 00000000 11111111
 00000000 10100000 01111111 01111111 01111111 01111111 00000000 11111111
 00000000 10100000 01111111 01111111 01111111 01111111 00000000 11111111
 00000000 10100000 01111111 01111111 01111111 01111111 00000000 11111111
 00000000 10100000 01111111 01111111 01111111 01111111 00000000 11111111
 00000000 10100000 01111111 01111111 01111111 01111111 00000000 11111111
 00000000 10100000 01111111 01111111 01111111 01111111 00000000 11111111
 00000000 10100000 01111111 01111111 01111111 01111111 00000000 11111111
 00000000 10100000 01111111 01111111 01111111 01111111 00000000 11111111
 00000000 10100000 01111111 01111111 01111111 01111111 00000000 11111111
 00000000 10100000 01111111 01111111 01111111 01111111 00000000 11111111
 00000000 10100000 01111111 01111111 01111111 01111111 00000000 11111111
 00000000 10100000 01111111 01111111 01111111 01111111 00000000 11111111
 00000000 10100000 01111111 01111111 01111111 01111111 00000000 11111111
 00000000 10100000 01111111 01111111 01111111 01111111 00000000 11111111
 00000000 10100000 01111111 01111111 01111111 01111111 00000000 11111111
 00000000 10100000 01111111 01111111 01111111 01111111 00000000 11111111
 00000000 10100000 01111111 01111111 01111111 01111111 00000000 11111111
 00000000 10100000 01111111 01111111 01111111 01111111 00000000 11111111
 00000000 10100000 01111111 01111111 01111111 01111111 00000000 11111111
 00000000 10100000 01111111 01111111 01111111 01111111 00000000 11111111
 00000000 10100000 01111111 01111111 01111111 01111111 00000000 11111111
 00000000 10100000 01111111 01111111 01111111 01111111 00000000 11111111
