 00000000 10000000 01111111 01111111 01111111 01111111 00000000 00000000
 00000000 10000000 01111111 01111111 01111111 01111111 00000000 00000000
 00000000 10000000 01111111 01111111 01111111 01111111 00000000 00000000
 00000000 10000000 01111111 01111111 01111111 01111111 00000000 00000000
 00000000 10000000 01111111 01111111 01111111 01111111 00000000 00000000
 00000000 10000000 01111111 01111111 01111111 01111111 00000000 00000000
 00000000 10000000 01111111 01111111 01111111 01111111 00000000 00000000
 00000000 10000000 01111111 01111111 01111111 01111111 00000000 00000000
 00000000 10000000 01111111 01111111 01111111 01111111 00000000 00000000
 00000000 10000000 01111111 01111111 01111111 01111111 00000000 00000000
 00000000 10000000 01111111 01111111 01111111 01111111 00000000 00000000
 00000000 10000000 01111111 01111111 01111111 01111111 00000000 00000000
 00000000 10000000 01111111 01111111 01111111 01111111 00000000 00000000
 00000000 10000000 01111111 01111111 01111111 01111111 00000000 00000000
 00000000 10000000 01111111 01111111 01111111 01111111 00000000 00000000
 00000000 10000000 01111111 01111111 01111111 01111111 00000000 00000000
 00000000 10000000 01111111 01111111 01111111 01111111 00000000 00000000
 00000000 10000000 01111111 01111111 01111111 01111111 00000000 00000000
 00000000 10000000 01111111 01111111 01111111 01111111 00000000 00000000
 00000000 10000000 01111111 01111111 01111111 01111111 00000000 00000000
 00000000 10000000 01111111 01111111 01111111 01111111 00000000 00000000
 00000000 10000000 01111111 01111111 01111111 01111111 00000000 00000000
 00000000 10000000 01111111 01111111 01111111 01111111 00000000 00000000
 00000000 10000000 01111111 01111111 01111111 01111111 00000000 00000000
 00000000 10000000 01111111 01111111 01111111 01111111 00000000 00000000
 00000000 10000000 01111111 01111111 01111111 01111111 00000000 00000000
 00000000 10000000 01111111 01111111 01111111 01111111 00000000 00000000
 00000000 10000000 01111111 01111111 01111111 01111111 00000000 00000000
 00000000 10000000 01111111 01111111 01111111 01111111 00000000 00000000
 00000000 10000000 01111111 01111111 01111111 01111111 00000000 00000000
 00000000 10000000 01111111 01111111 01111111 01111111 00000000 00000000
 00000000 10000000 01111111 01111111 01111111 01111111 00000000 00000000
 00000000 10000000 01111111 01111111 01111111 01111111 00000000 00000000
 00000000 10000000 01111111 01111111 01111111 01111111 00000000 00000000
 00000000 10000000 01111111 01111111 01111111 01111111 00000000 00000000
 00000000 10000000 01111111 01111111 01111111 01111111 00000000 00000000
 00000000 10000000 01111111 01111111 01111111 01111111 00000000 00000000
 00000000 10000000 01111111 01111111 01111111 01111111 00000000 00000000
 00000000 10000000 01111111 01111111 01111111 01111111 00000000 00000000
 00000000 10000000 01111111 01111111 01111111 01111111 00000000 00000000
 00000000 10000000 01111111 01111111 01111111 01111111 00000000 00000000
 00000000 10000000 01111111 01111111 01111111 01111111 00000000 00000000
 00000000 10000000 01111111 01111111 01111111 01111111 00000000 00000000
 00000000 10000000 01111111 01111111 01111111 01111111 00000000 00000000
 00000000 10000000 01111111 01111111 01111111 01111111 00000000 00000000
 00000000 10000000 01111111 01111111 01111111 01111111 00000000 00000000
 00000000 10000000 01111111 01111111 01111111 01111111 00000000 00000000
 00000000 10000000 01111111 01111111 01111111 01111111 00000000 00000000
 00000000 10000000 01111111 01111111 01111111 01111111 00000000 00000000
 00000000 10000000 01111111 01111111 01111111 01111111 00000000 00000000
 00000000 10000000 01111111 01111111 01111111 01111111 00000000 00000000
 00000000 10000000 01111111 01111111 01111111 01111111 00000000 00000000
 00000000 10000000 01111111 01111111 01111111 01111111 00000000 00000000
 00000000 10000000 01111111 01111111 01111111 01111111 00000000 00000000
 00000000 10000000 01111111 01111111 01111111 01111111 00000000 00000000
 00000000 10000000 01111111 01111111 01111111 01111111 00000000 00000000
 00000000 10000000 01111111 01111111 01111111 01111111 00000000 00000000
 00000000 10000000 01111111 01111111 01111111 01111111 00000000 00000000
 00000000 10000000 01111111 01111111 01111111 01111111 00000000 00000000
 00000000 10000000 01111111 01111111 01111111 01111111 00000000 00000000
 00000000 10000000 01111111 01111111 01111111 01111111 00000000 00000000
 00000000 10000000 01111111 01111111 01111111 01111111 00000000 00000000
 00000000 10000000 01111111 01111111 01111111 01111111 00000000 00000000
 00000000 10000000 01111111 01111111 01111111 01111111 00000000 00000000
 00000000 10000000 01111111 01111111 01111111 01111111 00000000 00000000
 00000000 10000000 01111111 01111111 01111111 01111111 00000000 00000000
 00000000 10000000 01111111 01111111 01111111 01111111 00000000 00000000
 00000000 10000000 01111111 01111111 01111111 01111111 00000000 00000000
 00000000 10000000 01111111 01111111 01111111 01111111 00000000 00000000
 00000000 10000000 01111111 01111111 01111111 01111111 00000000 00000000
 00000000 10000000 01111111 01111111 01111111 01111111 00000000 00000000
 00000000 10000000 01111111 01111111 01111111 01111111 00000000 00000000
 00000000 10000000 01111111 01111111 01111111 01111111 00000000 00000000
 00000000 10000000 01111111 01111111 01111111 01111111 00000000 00000000
 00000000 10000000 01111111 01111111 01111111 01111111 00000000 00000000
 00000000 10000000 01111111 01111111 01111111 01111111 00000000 00000000
 00000000 10000000 01111111 01111111 01111111 01111111 00000000 00000000
 00000000 10000000 01111111 01111111 01111111 01111111 00000000 00000000
 00000000 10000000 01111111 01111111 01111111 01111111 00000000 00000000
 00000000 10000000 01111111 01111111 01111111 01111111 00000000 00000000
 00000000 10000000 01111111 01111111 01111111 01111111 00000000 00000000
 00000000 10000000 01111111 01111111 01111111 01111111 00000000 00000000
 00000000 10000000 01111111 01111111 01111111 01111111 00000000 00000000
 00000000 10000000 01111111 01111111 01111111 01111111 00000000 00000000
 00000000 10000000 01111111 01111111 01111111 01111111 00000000 00000000
 00000000 10000000 01111111 01111111 01111111 01111111 00000000 00000000
 00000000 10000000 01111111 01111111 01111111 01111111 00000000 00000000
 00000000 10000000 01111111 01111111 01111111 01111111 00000000 00000000
 00000000 10000000 01111111 01111111 01111111 01111111 00000000 00000000
 00000000 10000000 01111111 01111111 01111111 01111111 00000000 00000000
 00000000 10000000 01111111 01111111 01111111 01111111 00000000 00000000
 00000000 10000000 01111111 01111111 01111111 01111111 00000000 00000000
 00000000 10000000 01111111 01111111 01111111 01111111 00000000 00000000
 00000000 10000000 01111111 01111111 01111111 01111111 00000000 00000000
 00000000 10000000 01111111 01111111 01111111 01111111 00000000 00000000
 00000000 10000000 01111111 01111111 01111111 01111111 00000000 00000000
 00000000 10000000 01111111 01111111 01111111 01111111 00000000 00000000
 00000000 10000000 01111111 01111111 01111111 01111111 00000000 00000000
 00000000 10000000 01111111 01111111 01111111 01111111 00000000 00000000
 00000000 10000000 01111111 01111111 01111111 01111111 00000000 00000000
 00000000 10000000 01111111 01111111 01111111 01111111 00000000 00000000
 00000000 10000000 01111111 01111111 01111111 01111111 00000000 00000000
 00000000 10000000 01111111 01111111 01111111 01111111 00000000 00000000
 00000000 10000000 01111111 01111111 01111111 01111111 00000000 00000000
 00000000 10000000 01111111 01111111 01111111 01111111 00000000 00000000
 00000000 10000000 01111111 01111111 01111111 01111111 00000000 00000000
 00000000 10000000 01111111 01111111 01111111 01111111 00000000 00000000
 00000000 10000000 01111111 01111111 01111111 01111111 00000000 00000000
 00000000 10000000 01111111 01111111 01111111 01111111 00000000 00000000
 00000000 10000000 01111111 01111111 01111111 01111111 00000000 00000000
 00000000 10000000 01111111 01111111 01111111 01111111 00000000 00000000
 00000000 10000000 01111111 01111111 01111111 01111111 00000000 00000000
 00000000 10000000 01111111 01111111 01111111 01111111 00000000 00000000
 00000000 10000000 01111111 01111111 01111111 01111111 00000000 00000000
 00000000 10000000 01111111 01111111 01111111 01111111 00000000 00000000
 00000000 10000000 01111111 01111111 01111111 01111111 00000000 00000000
 00000000 10000000 01111111 01111111 01111111 01111111 00000000 00000000
 00000000 10000000 01111111 01111111 01111111 01111111 00000000 00000000
 00000000 10000000 01111111 01111111 01111111 01111111 00000000 00000000
 00000000 10000000 01111111 01111111 01111111 01111111 00000000 00000000
 00000000 10000000 01111111 01111111 01111111 01111111 00000000 00000000
 00000000 10000000 01111111 01111111 01111111 01111111 00000000 00000000
 00000000 10000000 01111111 01111111 01111111 01111111 00000000 00000000
 00000000 10000000 01111111 01111111 01111111 01111111 00000000 00000000
 00000000 10000000 01111111 01111111 01111111 01111111 00000000 00000000
 00000000 10000000 01111111 01111111 01111111 01111111 00000000 00000000
 00000000 10000000 01111111 01111111 01111111 01111111 00000000 00000000
 00000000 10000000 01111111 01111111 01111111 01111111 00000000 00000000
 00000000 10000000 01111111 01111111 01111111 01111111 00000000 00000000
 00000000 10000000 01111111 01111111 01111111 01111111 00000000 00000000
 00000000 10000000 01111111 01111111 01111111 01111111 00000000 00000000
 00000000 10000000 01111111 01111111 01111111 01111111 00000000 00000000
 00000000 10000000 01111111 01111111 01111111 01111111 00000000 00000000
 00000000 10000000 01111111 01111111 01111111 01111111 00000000 00000000
 00000000 10000000 01111111 01111111 01111111 01111111 00000000 00000000
 00000000 10000000 01111111 01111111 01111111 01111111 00000000 00000000
 00000000 10000000 01111111 01111111 01111111 01111111 00000000 00000000
 00000000 10000000 01111111 01111111 01111111 01111111 00000000 00000000
 00000000 10000000 01111111 01111111 01111111 01111111 00000000 00000000
 00000000 10000000 01111111 01111111 01111111 01111111 00000000 00000000
 00000000 10000000 01111111 01111111 01111111 01111111 00000000 00000000
 00000000 10000000 01111111 01111111 01111111 01111111 00000000 00000000
 00000000 10000000 01111111 01111111 01111111 01111111 00000000 00000000
 00000000 10000000 01111111 01111111 01111111 01111111 00000000 00000000
 00000000 10000000 01111111 01111111 01111111 01111111 00000000 00000000
 00000000 10000000 01111111 01111111 01111111 01111111 00000000 00000000
 00000000 10000000 01111111 01111111 01111111 01111111 00000000 00000000
 00000000 10000000 01111111 01111111 01111111 01111111 00000000 00000000
 00000000 10000000 01111111 01111111 10000001 01111111 00000000 00000000
 00000000 10000000 01111111 01111111 10010100 01111111 00000000 00000000
 00000000 10000000 01111111 01111111 10101110 01111111 00000000 00000000
 00000000 10000000 01111111 01111111 11100101 01111111 00000000 00000000
 00000000 10000000 01111111 01111111 11101101 01111111 00000000 00000000
 00000000 10000000 01111111 01111111 11101110 01111111 00000000 00000000
 00000000 10000000 01111111 01111111 11101110 01111111 00000000 00000000
 00000000 10000000 01111111 01111111 11101110 01111111 00000000 00000000
 00000000 10000000 01111111 01111111 11101110 01111111 00000000 00000000
 00000000 10000000 01111111 01111111 11101110 01111111 00000000 00000000
 00000000 10000000 01111111 01111111 11101110 01111111 00000000 00000000
 00000000 10000000 01111111 01111111 11101110 01111111 00000000 00000000
 00000000 10000000 01111111 01111111 11101110 01111111 00000000 00000000
 00000000 10000000 01111111 01111111 11101110 01111111 00000000 00000000
 00000000 10000000 01111111 01111111 11101110 01111111 00000000 00000000
 00000000 10000000 01111111 01111111 11101110 01111111 00000000 00000000
 00000000 10000000 01111111 01111111 11101110 01111111 00000000 00000000
 00000000 10000000 01111111 01111111 11101110 01111111 00000000 00000000
 00000000 10000000 01111111 01111111 11101110 01111111 00000000 00000000
 00000000 10000000 01111111 01111111 11101110 01111111 00000000 00000000
 00000000 10000000 01111111 01111111 11101110 01111111 00000000 00000000
 00000000 10000000 01111111 01111111 11101110 01111111 00000000 00000000
 00000000 10000000 01111111 01111111 11101110 01111111 00000000 00000000
 00000000 10000000 01111111 01111111 11101110 01111111 00000000 00000000
 00000000 10000000 01111111 01111111 11101110 01111111 00000000 00000000
 00000000 10000000 01111111 01111111 11101110 01111111 00000000 00000000
 00000000 10000000 01111111 01111111 11101110 01111111 00000000 00000000
 00000000 10000000 01111111 01111111 11101110 01111111 00000000 00000000
 00000000 10000000 01111111 01111111 11101110 01111111 00000000 00000000
 00000000 10000000 01111111 01111111 11101110 01111111 00000000 00000000
 00000000 10000000 01111111 01111111 11101110 01111111 00000000 00000000
 00000000 10000000 01111111 01111111 11101110 01111111 00000000 00000000
 00000000 10000000 01111111 01111111 11101110 01111111 00000000 00000000
 00000000 10000000 01111111 01111111 11101110 01111111 00000000 00000000
 00000000 10000000 01111111 01111111 11101110 01111111 00000000 00000000
 00000000 10000000 01111111 01111111 11101110 01111111 00000000 00000000
 00000000 10000000 01111111 01111111 11101110 01111111 00000000 00000000
 00000000 10000000 01111111 01111111 11101110 01111111 00000000 00000000
 00000000 10000000 01111111 01111111 11101110 01111111 00000000 00000000
 00000000 10000000 01111111 01111111 11101110 01111111 00000000 00000000
 00000000 10000000 01111111 01111111 11101110 01111111 00000000 00000000
 00000000 10000000 01111111 01111111 11101110 01111111 00000000 00000000
 00000000 10000000 01111111 01111111 11101110 01111111 00000000 00000000
 00000000 10000000 01111111 01111111 11101110 01111111 00000000 00000000
 00000000 10000000 01111111 01111111 11101110 01111111 00000000 00000000
 00000000 10000000 01111111 01111111 11101110 01111111 00000000 00000000
 00000000 10000000 01111111 01111111 11101110 01111111 00000000 00000000
 00000000 10000000 01111111 01111111 11101110 01111111 00000000 00000000
 00000000 10000000 01111111 01111111 11101110 01111111 00000000 00000000
 00000000 10000000 01111111 01111111 11101110 01111111 00000000 00000000
 00000000 10000000 01111111 01111111 11101110 01111111 00000000 00000000
 00000000 10000000 01111111 01111111 11101110 01111111 00000000 00000000
 00000000 10000000 01111111 01111111 11101110 01111111 00000000 00000000
 00000000 10000000 01111111 01111111 11101110 01111111 00000000 00000000
 00000000 10000000 01111111 01111111 11101110 01111111 00000000 00000000
 00000000 10000000 01111111 01111111 11101110 01111111 00000000 00000000
 00000000 10000000 01111111 01111111 11101110 01111111 00000000 00000000
 00000000 10000000 01111111 01111111 11101110 01111111 00000000 00000000
 00000000 10000000 01111111 01111111 11101110 01111111 00000000 00000000
 00000000 10000000 01111111 01111111 11101110 01111111 00000000 00000000
 00000000 10000000 01111111 01111111 11101110 01111111 00000000 00000000
 00000000 10000000 01111111 01111111 11101110 01111111 00000000 00000000
 00000000 10000000 01111111 01111111 11101110 01111111 00000000 00000000
 00000000 10000000 01111111 01111111 11101110 01111111 00000000 00000000
 00000000 10000000 01111111 01111111 11101110 01111111 00000000 00000000
 00000000 10000000 01111111 01111111 11101110 01111111 00000000 00000000
 00000000 10000000 01111111 01111111 11101110 01111111 00000000 00000000
 00000000 10000000 01111111 01111111 11101110 01111111 00000000 00000000
 00000000 10000000 01111111 01111111 11101110 01111111 00000000 00000000
 00000000 10000000 01111111 01111111 11101110 01111111 00000000 00000000
 00000000 10000000 01111111 01111111 11101110 01111111 00000000 00000000
 00000000 10000000 01111111 01111111 11101110 01111111 00000000 00000000
 00000000 10000000 01111111 01111111 11101110 01111111 00000000 00000000
 00000000 10000000 01111111 01111111 11101110 01111111 00000000 00000000
 00000000 10000000 01111111 01111111 11101110 01111111 00000000 00000000
 00000000 10000000 01111111 01111111 11101110 01111111 00000000 00000000
 00000000 10000000 01111111 01111111 11101110 01111111 00000000 00000000
 00000000 10000000 01111111 01111111 11101110 01111111 00000000 00000000
 00000000 10000000 01111111 01111111 11101110 01111111 00000000 00000000
 00000000 10000000 01111111 01111111 11101110 01111111 00000000 00000000
 00000000 10000000 01111111 01111111 11101110 01111111 00000000 00000000
 00000000 10000000 01111111 01111111 11101110 01111111 00000000 00000000
 00000000 10000000 01111111 01111111 11101110 01111111 00000000 00000000
 00000000 10000000 01111111 01111111 11101110 01111111 00000000 00000000
 00000000 10000000 01111111 01111111 11101110 01111111 00000000 00000000
 00000000 10000000 01111111 01111111 11101110 01111111 00000000 00000000
 00000000 10000000 01111111 01111111 11101110 01111111 00000000 00000000
 00000000 10000000 01111111 01111111 11101110 01111111 00000000 00000000
 00000000 10000000 01111111 01111111 11101110 01111111 00000000 00000000
 00000000 10000000 01111111 01111111 11101110 01111111 00000000 00000000
 00000000 10000000 01111111 01111111 11101110 01111111 00000000 00000000
 00000000 10000000 01111111 01111111 11101110 01111111 00000000 00000000
 00000000 10000000 01111111 01111111 11101110 01111111 00000000 00000000
 00000000 10000000 01111111 01111111 11101110 01111111 00000000 00000000
 00000000 10000000 01111111 01111111 11101110 01111111 00000000 00000000
 00000000 10000000 01111111 01111111 11101110 01111111 00000000 00000000
 00000000 10000000 01111111 01111111 11101110 01111111 00000000 00000000
 00000000 10000000 01111111 01111111 11101110 01111111 00000000 00000000
 00000000 10000000 01111111 01111111 11101110 01111111 00000000 00000000
 00000000 10000000 01111111 01111111 11101110 01111111 00000000 00000000
 00000000 10000000 01111111 01111111 11101110 01111111 00000000 00000000
 00000000 10000000 01111111 01111111 11101110 01111111 00000000 00000000
 00000000 10000000 01111111 01111111 11101110 01111111 00000000 00000000
 00000000 10000000 01111111 01111111 11101110 01111111 00000000 00000000
 00000000 10000000 01111111 01111111 11101110 01111111 00000000 00000000
 00000000 10000000 01111111 01111111 11101110 01111111 00000000 00000000
 00000000 10000000 01111111 01111111 11101110 01111111 00000000 00000000
 00000000 10000000 01111111 01111111 11101110 01111111 00000000 00000000
 00000000 10000000 01111111 01111111 11101110 01111111 00000000 00000000
 00000000 10000000 01111111 01111111 11101110 01111111 00000000 00000000
 00000000 10000000 01111111 01111111 11101110 01111111 00000000 00000000
 00000000 10000000 01111111 01111111 11101110 01111111 00000000 00000000
 00000000 10000000 01111111 01111111 11101110 01111111 00000000 00000000
 00000000 10000000 01111111 01111111 11101110 01111111 00000000 00000000
 00000000 10000000 01111111 01111111 11101110 01111111 00000000 00000000
 00000000 10000000 01111111 01111111 11101110 01111111 00000000 00000000
 00000000 10000000 01111111 01111111 11101110 01111111 00000000 00000000
 00000000 10000000 01111111 01111111 11101110 01111111 00000000 00000000
 00000000 10000000 01111111 01111111 11101110 01111111 00000000 00000000
 00000000 10000000 01111111 01111111 11101110 01111111 00000000 00000000
 00000000 10000000 01111111 01111111 11101110 01111111 00000000 00000000
 00000000 10000000 01111111 01111111 11101110 01111111 00000000 00000000
 00000000 10000000 01111111 01111111 11101110 01111111 00000000 00000000
 00000000 10000000 01111111 01111111 11101110 01111111 00000000 00000000
 00000000 10000000 01111111 01111111 11101110 01111111 00000000 00000000
 00000000 10000000 01111111 01111111 11101110 01111111 00000000 00000000
 00000000 10000000 01111111 01111111 11101110 01111111 00000000 00000000
 00000000 10000000 01111111 01111111 11101110 01111111 00000000 00000000
 00000000 10000000 01111111 01111111 11101110 01111111 00000000 00000000
 00000000 10000000 01111111 01111111 11101110 01111111 00000000 00000000
 00000000 10000000 01111111 01111111 11101110 01111111 00000000 00000000
 00000000 10000000 01111111 01111111 11101110 01111111 00000000 00000000
 00000000 10000000 01111111 01111111 11101110 01111111 00000000 00000000
 00000000 10000000 01111111 01111111 11101110 01111111 00000000 00000000
 00000000 10000000 01111111 01111111 11101110 01111111 00000000 00000000
 00000000 10000000 01111111 01111111 11101110 01111111 00000000 00000000
 00000000 10000000 01111111 01111111 11101110 01111111 00000000 00000000
 00000000 10000000 01111111 01111111 11101110 01111111 00000000 00000000
 00000000 10000000 01111111 01111111 11101110 01111111 00000000 00000000
 00000000 10000000 01111111 01111111 11101110 01111111 00000000 00000000
 00000000 10000000 01111111 01111111 11101110 01111111 00000000 00000000
 00000000 10000000 01111111 01111111 11101110 01111111 00000000 00000000
 00000000 10000000 01111111 01111111 11101110 01111111 00000000 00000000
 00000000 10000000 01111111 01111111 11101110 01111111 00000000 00000000
 00000000 10000000 01111111 01111111 11101110 01111111 00000000 00000000
 00000000 10000000 01111111 01111111 11101110 01111111 00000000 00000000
 00000000 10000000 01111111 01111111 11101110 01111111 00000000 00000000
 00000000 10000000 01111111 01111111 11101110 01111111 00000000 00000000
 00000000 10000000 01111111 01111111 11101110 01111111 00000000 00000000
 00000000 10000000 01111111 01111111 11101110 01111111 00000000 00000000
 00000000 10000000 01111111 01111111 11101110 01111111 00000000 00000000
 00000000 10000000 01111111 01111111 11101110 01111111 00000000 00000000
 00000000 10000000 01111111 01111111 11101110 01111111 00000000 00000000
 00000000 10000000 01111111 01111111 11101110 01111111 00000000 00000000
 00000000 10000000 01111111 01111111 11101110 01111111 00000000 00000000
 00000000 10000000 01111111 01111111 11101110 01111111 00000000 00000000
 00000000 10000000 01111111 01111111 11101110 01111111 00000000 00000000
 00000000 10000000 01111111 01111111 11101110 01111111 00000000 00000000
 00000000 10000000 01111111 01111111 11101110 01111111 00000000 00000000
 00000000 10000000 01111111 01111111 11101110 01111111 00000000 00000000
 00000000 10000000 01111111 01111111 11101110 01111111 00000000 00000000
 00000000 10000000 01111111 01111111 11101110 01111111 00000000 00000000
 00000000 10000000 01111111 01111111 11101110 01111111 00000000 00000000
 00000000 10000000 01111111 01111111 11101110 01111111 00000000 00000000
 00000000 10000000 01111111 01111111 11101110 01111111 00000000 00000000
 00000000 10000000 01111111 01111111 11101110 01111111 00000000 00000000
 00000000 10000000 01111111 01111111 11101110 01111111 00000000 00000000
 00000000 10000000 01111111 01111111 11101110 01111111 00000000 00000000
 00000000 10000000 01111111 01111111 11101110 01111111 00000000 00000000
 00000000 10000000 01111111 01111111 11101110 01111111 00000000 00000000
 00000000 10000000 01111111 01111111 11101110 01111111 00000000 00000000
 00000000 10000000 01111111 01111111 11101110 01111111 00000000 00000000
 00000000 10000000 01111111 01111111 11101110 01111111 00000000 00000000
 00000000 10000000 01111111 01111111 11101110 01111111 00000000 00000000
 00000000 10000000 01111111 01111111 11101110 01111111 00000000 00000000
 00000000 10000000 01111111 01111111 11101110 01111111 00000000 00000000
 00000000 10000000 01111111 01111111 11101110 01111111 00000000 00000000
 00000000 10000000 01111111 01111111 11101110 01111111 00000000 00000000
 00000000 10000000 01111111 01111111 11101110 01111111 00000000 00000000
 00000000 10000000 01111111 01111111 11101110 01111111 00000000 00000000
 00000000 10000000 01111111 01111111 11101110 01111111 00000000 00000000
