 00000000 10000000 01111111 01111111 01111111 01111111 00000000 00000000
 00000000 10000000 01111111 01111111 01111111 01111111 00000000 00000000
 00000000 10000000 01111111 01111111 01111111 01111111 00000000 00000000
 00000000 10000000 01111111 01111111 01111111 01111111 00000000 00000000
 00000000 10000000 01111111 01111111 01111111 01111111 00000000 00000000
 00000000 10000000 01111111 01111111 01111111 01111111 00000000 00000000
 00000000 10000000 01111111 01111111 01111111 01111111 00000000 00000000
 00000000 10000000 01111111 01111111 01111111 01111111 00000000 00000000
 00000000 10000000 01111111 01111111 01111111 01111111 00000000 00000000
 00000000 10000000 01111111 01111111 01111111 01111111 00000000 00000000
 00000000 10000000 01111111 01111111 01111111 01111111 00000000 00000000
 00000000 10000000 01111111 01111111 01111111 01111111 00000000 00000000
 00000000 10000000 01111111 01111111 01111111 01111111 00000000 00000000
 00000000 10000000 01111111 01111111 01111111 01111111 00000000 00000000
 00000000 10000000 01111111 01111111 01111111 01111111 00000000 00000000
 00000000 10000000 01111111 01111111 01111111 01111111 00000000 00000000
 00000000 10000000 01111111 01111111 01111111 01111111 00000000 00000000
 00000000 10000000 01111111 01111111 01111111 01111111 00000000 00000000
 00000000 10000000 01111111 01111111 01111111 01111111 00000000 00000000
 00000000 10000000 01111111 01111111 01111111 01111111 00000000 00000000
 00000000 10000000 01111111 01111111 01111111 01111111 00000000 00000000
 00000000 10000000 01111111 01111111 01111111 01111111 00000000 00000000
 00000000 10000000 01111111 01111111 01111111 01111111 00000000 00000000
 00000000 10000000 01111111 01111111 01111111 01111111 00000000 00000000
 00000000 10000000 01111111 01111111 01111111 01111111 00000000 00000000
 00000000 10000000 01111111 01111111 01111111 01111111 00000000 00000000
 00000000 10000000 01111111 01111111 01111111 01111111 00000000 00000000
 00000000 10000000 01111111 01111111 01111111 01111111 00000000 00000000
 00000000 10000000 01111111 01111111 01111111 01111111 00000000 00000000
 00000000 10000000 01111111 01111111 01111111 01111111 00000000 00000000
 00000000 10000000 01111111 01111111 01111111 01111111 00000000 00000000
 00000000 10000000 01111111 01111111 01111111 01111111 00000000 00000000
 00000000 10000000 01111111 01111111 01111111 01111111 00000000 00000000
 00000000 10000000 01111111 01111111 01111111 01111111 00000000 00000000
 00000000 10000000 01111111 01111111 01111111 01111111 00000000 00000000
 00000000 10000000 01111111 01111111 01111111 01111111 00000000 00000000
 00000000 10000000 01111111 01111111 01111111 01111111 00000000 00000000
 00000000 10000000 01111111 01111111 01111111 01111111 00000000 00000000
 00000000 10000000 01111111 01111111 01111111 01111111 00000000 00000000
 00000000 10000000 01111111 01111111 01111111 01111111 00000000 00000000
 00000000 10000000 01111111 01111111 01111111 01111111 00000000 00000000
 00000000 10000000 01111111 01111111 01111111 01111111 00000000 00000000
 00000000 10000000 01111111 01111111 01111111 01111111 00000000 00000000
 00000000 10000000 01111111 01111111 01111111 01111111 00000000 00000000
 00000000 10000000 01111111 01111111 01111111 01111111 00000000 00000000
 00000000 10000000 01111111 01111111 01111111 01111111 00000000 00000000
 00000000 10000000 01111111 01111111 01111111 01111111 00000000 00000000
 00000000 10000000 01111111 01111111 01111111 01111111 00000000 00000000
 00000000 10000000 01111111 01111111 01111111 01111111 00000000 00000000
 00000000 10000000 01111111 01111111 01111111 01111111 00000000 00000000
 00000000 10000000 01111111 01111111 01111111 01111111 00000000 00000000
 00000000 10000000 01111111 01111111 01111111 01111111 00000000 00000000
 00000000 10000000 01111111 01111111 01111111 01111111 00000000 00000000
 00000000 10000000 01111111 01111111 01111111 01111111 00000000 00000000
 00000000 10000000 01111111 01111111 01111111 01111111 00000000 00000000
 00000000 10000000 01111111 01111111 01111111 01111111 00000000 00000000
 00000000 10000000 01111111 01111111 01111111 01111111 00000000 00000000
 00000000 10000000 01111111 01111111 01111111 01111111 00000000 00000000
 00000000 10000000 01111111 01111111 01111111 01111111 00000000 00000000
 00000000 10000000 01111111 01111111 01111111 01111111 00000000 00000000
 00000000 10000000 01111111 01111111 01111111 01111111 00000000 00000000
 00000000 10000000 01111111 01111111 01111111 01111111 00000000 00000000
 00000000 10000000 01111111 01111111 01111111 01111111 00000000 00000000
 00000000 10000000 01111111 01111111 01111111 01111111 00000000 00000000
 00000000 10000000 01111111 01111111 01111111 01111111 00000000 00000000
 00000000 10000000 01111111 01111111 01111111 01111111 00000000 00000000
 00000000 10000000 01111111 01111111 01111111 01111111 00000000 00000000
 00000000 10000000 01111111 01111111 01111111 01111111 00000000 00000000
 00000000 10000000 01111111 01111111 01111111 01111111 00000000 00000000
 00000000 10000000 01111111 01111111 01111111 01111111 00000000 00000000
 00000000 10000000 01111111 01111111 01111111 01111111 00000000 00000000
 00000000 10000000 01111111 01111111 01111111 01111111 00000000 00000000
 00000000 10000000 01111111 01111111 01111111 01111111 00000000 00000000
 00000000 10000000 01111111 01111111 01111111 01111111 00000000 00000000
 00000000 10000000 01111111 01111111 01111111 01111111 00000000 00000000
 00000000 10000000 01111111 01111111 01111111 01111111 00000000 00000000
 00000000 10000000 01111111 01111111 01111111 01111111 00000000 00000000
 00000000 10000000 01111111 01111111 01111111 01111111 00000000 00000000
 00000000 10000000 01111111 01111111 01111111 01111111 00000000 00000000
 00000000 10000000 01111111 01111111 01111111 01111111 00000000 00000000
 00000000 10000000 01111111 01111111 01111111 01111111 00000000 00000000
 00000000 10000000 01111111 01111111 01111111 01111111 00000000 00000000
 00000000 10000000 01111111 01111111 01111111 01111111 00000000 00000000
 00000000 10000000 01111111 01111111 01111111 01111111 00000000 00000000
 00000000 10000000 01111111 01111111 01111111 01111111 00000000 00000000
 00000000 10000000 01111111 01111111 01111111 01111111 00000000 00000000
 00000000 10000000 01111111 01111111 01111111 01111111 00000000 00000000
 00000000 10000000 01111111 01111111 01111111 01111111 00000000 00000000
 00000000 10000000 01111111 01111111 01111111 01111111 00000000 00000000
 00000000 10000000 01111111 01111111 01111111 01111111 00000000 00000000
 00000000 10000000 01111111 01111111 01111111 01111111 00000000 00000000
 00000000 10000000 01111111 01111111 01111111 01111111 00000000 00000000
 00000000 10000000 01111111 01111111 01111111 01111111 00000000 00000000
 00000000 10000000 01111111 01111111 01111111 01111111 00000000 00000000
 00000000 10000000 01111111 01111111 01111111 01111111 00000000 00000000
 00000000 10000000 01111111 01111111 01111111 01111111 00000000 00000000
 00000000 10000000 01111111 01111111 01111111 01111111 00000000 00000000
 00000000 10000000 01111111 01111111 01111111 01111111 00000000 00000000
 00000000 10000000 01111111 01111111 01111111 01111111 00000000 00000000
 00000000 10000000 01111111 01111111 01111111 01111111 00000000 00000000
 00000000 10000000 01111111 01111111 01111111 01111111 00000000 00000000
 00000000 10000000 01111111 01111111 01111111 01111111 00000000 00000000
 00000000 10000000 01111111 01111111 01111111 01111111 00000000 00000000
 00000000 10000000 01111111 01111111 01111111 01111111 00000000 00000000
 00000000 10000000 01111111 01111111 01111111 01111111 00000000 00000000
 00000000 10000000 01111111 01111111 01111111 01111111 00000000 00000000
 00000000 10000000 01111111 01111111 01111111 01111111 00000000 00000000
 00000000 10000000 01111111 01111111 01111111 01111111 00000000 00000000
 00000000 10000000 01111111 01111111 01111111 01111111 00000000 00000000
 00000000 10000000 01111111 01111111 01111111 01111111 00000000 00000000
 00000000 10000000 01111111 01111111 01111111 01111111 00000000 00000000
 00000000 10000000 01111111 01111111 01111111 01111111 00000000 00000000
 00000000 10000000 01111111 01111111 01111111 01111111 00000000 00000000
 00000000 10000000 01111111 01111111 01111111 01111111 00000000 00000000
 00000000 10000000 01111111 01111111 01111111 01111111 00000000 00000000
 00000000 10000000 01111111 01111111 01111111 01111111 00000000 00000000
 00000000 10000000 01111111 01111111 01111111 01111111 00000000 00000000
 00000000 10000000 01111111 01111111 01111111 01111111 00000000 00000000
 00000000 10000000 01111111 01111111 01111111 01111111 00000000 00000000
 00000000 10000000 01111111 01111111 01111111 01111111 00000000 00000000
 00000000 10000000 01111111 01111111 01111111 01111111 00000000 00000000
 00000000 10000000 01111111 01111111 01111111 01111111 00000000 00000000
 00000000 10000000 01111111 01111111 01111111 01111111 00000000 00000000
 00000000 10000000 01111111 01111111 01111111 01111111 00000000 00000000
 00000000 10000000 01111111 01111111 01111111 01111111 00000000 00000000
 00000000 10000000 01111111 01111111 01111111 01111111 00000000 00000000
 00000000 10000000 01111111 01111111 01111111 01111111 00000000 00000000
 00000000 10000000 01111111 01111111 01111111 01111111 00000000 00000000
 00000000 10000000 01111111 01111111 01111111 01111111 00000000 00000000
 00000000 10000000 01111111 01111111 01111111 01111111 00000000 00000000
 00000000 10000000 01111111 01111111 01111111 01111111 00000000 00000000
 00000000 10000000 01111111 01111111 01111111 01111111 00000000 00000000
 00000000 10000000 01111111 01111111 01111111 01111111 00000000 00000000
 00000000 10000000 01111111 01111111 01111111 01111111 00000000 00000000
 00000000 10000000 01111111 01111111 01111111 01111111 00000000 00000000
 00000000 10000000 01111111 01111111 01111111 01111111 00000000 00000000
 00000000 10000000 01111111 01111111 01111111 01111111 00000000 00000000
 00000000 10000000 01111111 01111111 01111111 01111111 00000000 00000000
 00000000 10000000 01111111 01111111 01111111 01111111 00000000 00000000
 00000000 10000000 01111111 01111111 01111111 01111111 00000000 00000000
 00000000 10000000 01111111 01111111 01111111 01111111 00000000 00000000
 00000000 10000000 01111111 01111111 01111111 01111111 00000000 00000000
 00000000 10000000 01111111 01111111 01111111 01111111 00000000 00000000
 00000000 10000000 01111111 01111111 01111111 01111111 00000000 00000000
 00000000 10000000 01111111 01111111 01111111 01111111 00000000 00000000
 00000000 10000000 01111111 01111111 01111111 01111111 00000000 00000000
 00000000 10000000 01111111 01111111 01111111 01111111 00000000 00000000
 00000000 10000000 01111111 01111111 01111111 01111111 00000000 00000000
 00000000 10000000 01111111 01111111 01111111 01111111 00000000 00000000
 00000000 10000000 01111111 01111111 01111111 01111111 00000000 00000000
 00000000 10000000 01111111 01111111 01111111 01111111 00000000 00000000
 00000000 10000000 01111111 01111111 01111111 01111111 00000000 00000000
 00000000 10000000 01111111 01111111 01111111 01111111 00000000 00000000
 00000000 10000000 01111111 01111111 01111111 01111111 00000000 00000000
 00000000 10000000 01111111 01111111 01111111 01111111 00000000 00000000
 00000000 10000000 01111111 01111111 01111111 01111111 00000000 00000000
 00000000 10000000 01111111 01111111 01111111 01111111 00000000 00000000
 00000000 10000000 01111111 01111111 01111111 01111111 00000000 00000000
 00000000 10000000 01111111 01111111 01111111 01111111 00000000 00000000
 00000000 10000000 01111111 01111111 01111111 01111111 00000000 00000000
 00000000 10000000 01111111 01111111 01111111 01111111 00000000 00000000
 00000000 10000000 01111111 01111111 01111111 01111111 00000000 00000000
 00000000 10000000 01111111 01111111 01111111 01111111 00000000 00000000
 00000000 10000000 01111111 01111111 01111111 01111111 00000000 00000000
 00000000 10000000 01111111 01111111 01111111 01111111 00000000 00000000
 00000000 10000000 01111111 01111111 01111111 01111111 00000000 00000000
 00000000 10000000 01111111 01111111 01111111 01111111 00000000 00000000
 00000000 10000000 01111111 01111111 01111111 01111111 00000000 00000000
 00000000 10000000 01111111 01111111 01111111 01111111 00000000 00000000
 00000000 10000000 01111111 01111111 01111111 01111111 00000000 00000000
 00000000 10000000 01111111 01111111 01111111 01111111 00000000 00000000
 00000000 10000000 01111111 01111111 01111111 01111111 00000000 00000000
 00000000 10000000 01111111 01111111 01111111 01111111 00000000 00000000
 00000000 10000000 01111111 01111111 01111111 01111111 00000000 00000000
 00000000 10000000 01111111 01111111 01111111 01111111 00000000 00000000
 00000000 10000000 01111111 01111111 01111111 01111111 00000000 00000000
 00000000 10000000 01111111 01111111 01111111 01111111 00000000 00000000
 00000000 10000000 01111111 01111111 01111111 01111111 00000000 00000000
 00000000 10000000 01111111 01111111 01111111 01111111 00000000 00000000
 00000000 10000000 01111111 01111111 01111111 01111111 00000000 00000000
 00000000 10000000 01111111 01111111 01111111 01111111 00000000 00000000
 00000000 10000000 01111111 01111111 01111111 01111111 00000000 00000000
 00000000 10000000 01111111 01111111 01111111 01111111 00000000 00000000
 00000000 10000000 01111111 01111111 01111111 01111111 00000000 00000000
 00000000 10000000 01111111 01111111 01111111 01111111 00000000 00000000
 00000000 10000000 01111111 01111111 01111111 01111111 00000000 00000000
 00000000 10000000 01111111 01111111 01111111 01111111 00000000 00000000
 00000000 10000000 01111111 01111111 01111111 01111111 00000000 00000000
 00000000 10000000 01111111 01111111 01111111 01111111 00000000 00000000
 00000000 10000000 01111111 01111111 01111111 01111111 00000000 00000000
 00000000 10000000 01111111 01111111 01111111 01111111 00000000 00000000
 00000000 10000000 01111111 01111111 01111111 01111111 00000000 00000000
 00000000 10000000 01111111 01111111 01111111 01111111 00000000 00000000
 00000000 10000000 01111111 01111111 01111111 01111111 00000000 00000000
 00000000 10000000 01111111 01111111 01111111 01111111 00000000 00000000
 00000000 10000000 01111111 01111111 01111111 01111111 00000000 00000000
 00000000 10000000 01111111 01111111 01111111 01111111 00000000 00000000
 00000000 10000000 01111111 01111111 01111111 01111111 00000000 00000000
 00000000 10000000 01111111 01111111 01111111 01111111 00000000 00000000
 00000000 10000000 01111111 01111111 01111111 01111111 00000000 00000000
 00000000 10000000 01111111 01111111 01111111 01111111 00000000 00000000
 00000000 10000000 01111111 01111111 01111111 01111111 00000000 00000000
 00000000 10000000 01111111 01111111 01111111 01111111 00000000 00000000
 00000000 10000000 01111111 01111111 01111111 01111111 00000000 00000000
 00000000 10000000 01111111 01111111 01111111 01111111 00000000 00000000
 00000000 10000000 01111111 01111111 01111111 01111111 00000000 00000000
 00000000 10000000 01111111 01111111 01111111 01111111 00000000 00000000
 00000000 10000000 01111111 01111111 01111111 01111111 00000000 00000000
 00000000 10000000 01111111 01111111 01111111 01111111 00000000 00000000
 00000000 10000000 01111111 01111111 01111111 01111111 00000000 00000000
 00000000 10000000 01111111 01111111 01111111 01111111 00000000 00000000
 00000000 10000000 01111111 01111111 01111111 01111111 00000000 00000000
 00000000 10000000 01111111 01111111 01111111 01111111 00000000 00000000
 00000000 10000000 01111111 01111111 01111111 01111111 00000000 00000000
 00000000 10000000 01111111 01111111 01111111 01111111 00000000 00000000
 00000000 10000000 01111111 01111111 01111111 01111111 00000000 00000000
 00000000 10000000 01111111 01111111 01111111 01111111 00000000 00000000
 00000000 10000000 01111111 01111111 01111111 01111111 00000000 00000000
 00000000 10000000 01111111 01111111 01111111 01111111 00000000 00000000
 00000000 10000000 01111111 01111111 01111111 01111111 00000000 00000000
 00000000 10000000 01111111 01111111 01111111 01111111 00000000 00000000
 00000000 10000000 01111111 01111111 01111111 01111111 00000000 00000000
 00000000 10000000 01111111 01111111 01111111 01111111 00000000 00000000
 00000000 10000000 01111111 01111111 01111111 01111111 00000000 00000000
 00000000 10000000 01111111 01111111 01111111 01111111 00000000 00000000
 00000000 10000000 01111111 01111111 01111111 01111111 00000000 00000000
 00000000 10000000 01111111 01111111 01111111 01111111 00000000 00000000
 00000000 10000000 01111111 01111111 01111111 01111111 00000000 00000000
 00000000 10000000 01111111 01111111 01111111 01111111 00000000 00000000
 00000000 10000000 01111111 01111111 01111111 01111111 00000000 00000000
 00000000 10000000 01111111 01111111 01111111 01111111 00000000 00000000
 00000000 10000000 01111111 01111111 01111111 01111111 00000000 00000000
 00000000 10000000 01111111 01111111 01111111 01111111 00000000 00000000
 00000000 10000000 01111111 01111111 01111111 01111111 00000000 00000000
 00000000 10000000 01111111 01111111 01111111 01111111 00000000 00000000
 00000000 10000000 01111111 01111111 01111111 01111111 00000000 00000000
 00000000 10000000 01111111 01111111 01111111 01111111 00000000 00000000
 00000000 10000000 01111111 01111111 01111111 01111111 00000000 00000000
 00000000 10000000 01111111 01111111 01111111 01111111 00000000 00000000
 00000000 10000000 01111111 01111111 01111111 01111111 00000000 00000000
 00000000 10000000 01111111 01111111 01111111 01111111 00000000 00000000
 00000000 10000000 01111111 01111111 01111111 01111111 00000000 00000000
 00000000 10000000 01111111 01111111 01111111 01111111 00000000 00000000
 00000000 10000000 01111111 01111111 01111111 01111111 00000000 00000000
 00000000 10000000 01111111 01111111 01111111 01111111 00000000 00000000
 00000000 10000000 01111111 01111111 01111111 01111111 00000000 00000000
 00000000 10000000 01111111 01111111 01111111 01111111 00000000 00000000
 00000000 10000000 01111111 01111111 01111111 01111111 00000000 00000000
 00000000 10000000 01111111 01111111 01111111 01111111 00000000 00000000
 00000000 10000000 01111111 01111111 01111111 01111111 00000000 00000000
 00000000 10000000 01111111 01111111 01111111 01111111 00000000 00000000
 00000000 10000000 01111111 01111111 01111111 01111111 00000000 00000000
 00000000 10000000 01111111 01111111 01111111 01111111 00000000 00000000
 00000000 10000000 01111111 01111111 01111111 01111111 00000000 00000000
 00000000 10000000 01111111 01111111 01111111 01111111 00000000 00000000
 00000000 10000000 01111111 01111111 01111111 01111111 00000000 00000000
 00000000 10000000 01111111 01111111 01111111 01111111 00000000 00000000
 00000000 10000000 01111111 01111111 01111111 01111111 00000000 00000000
 00000000 10000000 01111111 01111111 01111111 01111111 00000000 00000000
 00000000 10000000 01111111 01111111 01111111 01111111 00000000 00000000
 00000000 10000000 01111111 01111111 01111111 01111111 00000000 00000000
 00000000 10000000 01111111 01111111 01111111 01111111 00000000 00000000
 00000000 10000000 01111111 01111111 01111111 01111111 00000000 00000000
 00000000 10000000 01111111 01111111 01111111 01111111 00000000 00000000
 00000000 10000000 01111111 01111111 01111111 01111111 00000000 00000000
 00000000 10000000 01111111 01111111 01111111 01111111 00000000 00000000
 00000000 10000000 01111111 01111111 01111111 01111111 00000000 00000000
 00000000 10000000 01111111 01111111 01111111 01111111 00000000 00000000
 00000000 10000000 01111111 01111111 01111111 01111111 00000000 00000000
 00000000 10000000 01111111 01111111 01111111 01111111 00000000 00000000
 00000000 10000000 01111111 01111111 01111111 01111111 00000000 00000000
 00000000 10000000 01111111 01111111 01111111 01111111 00000000 00000000
 00000000 10000000 01111111 01111111 01111111 01111111 00000000 00000000
 00000000 10000000 01111111 01111111 01111111 01111111 00000000 00000000
 00000000 10000000 01111111 01111111 01111111 01111111 00000000 00000000
 00000000 10000000 01111111 01111111 01111111 01111111 00000000 00000000
 00000000 10000000 01111111 01111111 01111111 01111111 00000000 00000000
 00000000 10000000 01111111 01111111 01111111 01111111 00000000 00000000
 00000000 10000000 01111111 01111111 01111111 01111111 00000000 00000000
 00000000 10000000 01111111 01111111 01111111 01111111 00000000 00000000
 00000000 10000000 01111111 01111111 01111111 01111111 00000000 00000000
 00000000 10000000 01111111 01111111 01111111 01111111 00000000 00000000
 00000000 10000000 01111111 01111111 01111111 01111111 00000000 00000000
 00000000 10000000 01111111 01111111 01111111 01111111 00000000 00000000
 00000000 10000000 01111111 01111111 01111111 01111111 00000000 00000000
 00000000 10000000 01111111 01111111 01111111 01111111 00000000 00000000
 00000000 10000000 01111111 01111111 01111111 01111111 00000000 00000000
 00000000 10000000 01111111 01111111 01111111 01111111 00000000 00000000
 00000000 10000000 01111111 01111111 01111111 01111111 00000000 00000000
 00000000 10000000 01111111 01111111 01111111 01111111 00000000 00000000
 00000000 10000000 01111111 01111111 01111111 01111111 00000000 00000000
 00000000 10000000 01111111 01111111 01111111 01111111 00000000 00000000
 00000000 10000000 01111111 01111111 01111111 01111111 00000000 00000000
 00000000 10000000 01111111 01111111 01111111 01111111 00000000 00000000
 00000000 10000000 01111111 01111111 01111111 01111111 00000000 00000000
 00000000 10000000 01111111 01111111 01111111 01111111 00000000 00000000
 00000000 10000000 01111111 01111111 01111111 01111111 00000000 00000000
 00000000 10000000 10000100 01111111 01111111 01111111 00000000 00000000
 00000000 10000000 10010100 01111111 01111111 01111111 00000000 00000000
 00000000 10000000 10100001 01111111 01111111 01111111 00000000 00000000
 00000000 10000000 10101110 01111111 01111111 01111111 00000000 00000000
 00000000 10000000 10110110 01111111 01111111 01111111 00000000 00000000
 00000000 10000000 11000000 01111111 01111111 01111111 00000000 00000000
 00000000 10000000 11100101 01111111 01111111 01111111 00000000 00000000
 00000000 10000000 11101110 01111111 01111111 01111111 00000000 00000000
 00000000 10000000 11101110 01111111 01111111 01111111 00000000 00000000
 00000000 10000000 11101110 01111111 01111111 01111111 00000000 00000000
 00000000 10000000 11101110 01111111 01111111 01111111 00000000 00000000
 00000000 10000000 11101110 01111111 01111111 01111111 00000000 00000000
 00000000 10000000 11101110 01111111 01111111 01111111 00000000 00000000
 00000000 10000000 11101110 01111111 01111111 01111111 00000000 00000000
 00000000 10000000 11101110 01111111 01111111 01111111 00000000 00000000
 00000000 10000000 11101110 01111111 01111111 01111111 00000000 00000000
 00000000 10000000 11101110 01111111 01111111 01111111 00000000 00000000
 00000000 10000000 11101110 01111111 01111111 01111111 00000000 00000000
 00000000 10000000 11101110 01111111 01111111 01111111 00000000 00000000
 00000000 10000000 11101110 01111111 01111111 01111111 00000000 00000000
 00000000 10000000 11101110 01111111 01111111 01111111 00000000 00000000
 00000000 10000000 11101110 01111111 01111111 01111111 00000000 00000000
 00000000 10000000 11101110 01111111 01111111 01111111 00000000 00000000
 00000000 10000000 11101110 01111111 01111111 01111111 00000000 00000000
 00000000 10000000 11101110 01111111 01111111 01111111 00000000 00000000
 00000000 10000000 11101110 01111111 01111111 01111111 00000000 00000000
 00000000 10000000 11101110 01111111 01111111 01111111 00000000 00000000
 00000000 10000000 11101110 01111111 01111111 01111111 00000000 00000000
 00000000 10000000 11101110 01111111 01111111 01111111 00000000 00000000
 00000000 10000000 11101110 01111111 01111111 01111111 00000000 00000000
 00000000 10000000 11101110 01111111 01111111 01111111 00000000 00000000
 00000000 10000000 11101110 01111111 01111111 01111111 00000000 00000000
 00000000 10000000 11101110 01111111 01111111 01111111 00000000 00000000
 00000000 10000000 11101110 01111111 01111111 01111111 00000000 00000000
 00000000 10000000 11101110 01111111 01111111 01111111 00000000 00000000
 00000000 10000000 11101110 01111111 01111111 01111111 00000000 00000000
 00000000 10000000 11101110 01111111 01111111 01111111 00000000 00000000
 00000000 10000000 11101110 01111111 01111111 01111111 00000000 00000000
 00000000 10000000 11101110 01111111 01111111 01111111 00000000 00000000
 00000000 10000000 11101110 01111111 01111111 01111111 00000000 00000000
 00000000 10000000 11101110 01111111 01111111 01111111 00000000 00000000
 00000000 10000000 11101110 01111111 01111111 01111111 00000000 00000000
 00000000 10000000 11101110 01111111 01111111 01111111 00000000 00000000
 00000000 10000000 11101110 01111111 01111111 01111111 00000000 00000000
 00000000 10000000 11101110 01111111 01111111 01111111 00000000 00000000
 00000000 10000000 11101110 01111111 01111111 01111111 00000000 00000000
 00000000 10000000 11101110 01111111 01111111 01111111 00000000 00000000
 00000000 10000000 11101110 01111111 01111111 01111111 00000000 00000000
 00000000 10000000 11101110 01111111 01111111 01111111 00000000 00000000
 00000000 10000000 11101110 01111111 01111111 01111111 00000000 00000000
 00000000 10000000 11101110 01111111 01111111 01111111 00000000 00000000
 00000000 10000000 11101110 01111111 01111111 01111111 00000000 00000000
 00000000 10000000 11101110 01111111 01111111 01111111 00000000 00000000
 00000000 10000000 11101110 01111111 01111111 01111111 00000000 00000000
 00000000 10000000 11101110 01111111 01111111 01111111 00000000 00000000
 00000000 10000000 11101110 01111111 01111111 01111111 00000000 00000000
 00000000 10000000 11101110 01111111 01111111 01111111 00000000 00000000
 00000000 10000000 11101110 01111111 01111111 01111111 00000000 00000000
 00000000 10000000 11101110 01111111 01111111 01111111 00000000 00000000
 00000000 10000000 11101110 01111111 01111111 01111111 00000000 00000000
 00000000 10000000 11101110 01111111 01111111 01111111 00000000 00000000
 00000000 10000000 11101110 01111111 01111111 01111111 00000000 00000000
 00000000 10000000 11101110 01111111 01111111 01111111 00000000 00000000
 00000000 10000000 11101110 01111111 01111111 01111111 00000000 00000000
 00000000 10000000 11101110 01111111 01111111 01111111 00000000 00000000
 00000000 10000000 11101110 01111111 01111111 01111111 00000000 00000000
 00000000 10000000 11101110 01111111 01111111 01111111 00000000 00000000
 00000000 10000000 11101110 01111111 01111111 01111111 00000000 00000000
 00000000 10000000 11101110 01111111 01111111 01111111 00000000 00000000
 00000000 10000000 11101110 01111111 01111111 01111111 00000000 00000000
 00000000 10000000 11101110 01111111 01111111 01111111 00000000 00000000
 00000000 10000000 11101110 01111111 01111111 01111111 00000000 00000000
 00000000 10000000 11101110 01111111 01111111 01111111 00000000 00000000
 00000000 10000000 11101110 01111111 01111111 01111111 00000000 00000000
 00000000 10000000 11101110 01111111 01111111 01111111 00000000 00000000
 00000000 10000000 11101110 01111111 01111111 01111111 00000000 00000000
 00000000 10000000 11101110 01111111 01111111 01111111 00000000 00000000
 00000000 10000000 11101110 01111111 01111111 01111111 00000000 00000000
 00000000 10000000 11101110 01111111 01111111 01111111 00000000 00000000
 00000000 10000000 11101110 01111111 01111111 01111111 00000000 00000000
 00000000 10000000 11101110 01111111 01111111 01111111 00000000 00000000
 00000000 10000000 11101110 01111111 01111111 01111111 00000000 00000000
 00000000 10000000 11101110 01111111 01111111 01111111 00000000 00000000
 00000000 10000000 11101110 01111111 01111111 01111111 00000000 00000000
 00000000 10000000 11101110 01111111 01111111 01111111 00000000 00000000
 00000000 10000000 11101110 01111111 01111111 01111111 00000000 00000000
 00000000 10000000 11101110 01111111 01111111 01111111 00000000 00000000
 00000000 10000000 11101110 01111111 01111111 01111111 00000000 00000000
 00000000 10000000 11101110 01111111 01111111 01111111 00000000 00000000
 00000000 10000000 11101110 01111111 01111111 01111111 00000000 00000000
 00000000 10000000 11101110 01111111 01111111 01111111 00000000 00000000
 00000000 10000000 11101110 01111111 01111111 01111111 00000000 00000000
 00000000 10000000 11101110 01111111 01111111 01111111 00000000 00000000
 00000000 10000000 11101110 01111111 01111111 01111111 00000000 00000000
 00000000 10000000 11101110 01111111 01111111 01111111 00000000 00000000
 00000000 10000000 11101110 01111111 01111111 01111111 00000000 00000000
 00000000 10000000 11101110 01111111 01111111 01111111 00000000 00000000
 00000000 10000000 11101110 01111111 01111111 01111111 00000000 00000000
 00000000 10000000 11101110 01111111 01111111 01111111 00000000 00000000
 00000000 10000000 11101110 01111111 01111111 01111111 00000000 00000000
 00000000 10000000 11101110 01111111 01111111 01111111 00000000 00000000
 00000000 10000000 11101110 01111111 01111111 01111111 00000000 00000000
 00000000 10000000 11101110 01111111 01111111 01111111 00000000 00000000
 00000000 10000000 11101110 01111111 01111111 01111111 00000000 00000000
 00000000 10000000 11101110 01111111 01111111 01111111 00000000 00000000
 00000000 10000000 11101110 01111111 01111111 01111111 00000000 00000000
 00000000 10000000 11101110 01111111 01111111 01111111 00000000 00000000
 00000000 10000000 11101110 01111111 01111111 01111111 00000000 00000000
 00000000 10000000 11101110 01111111 01111111 01111111 00000000 00000000
 00000000 10000000 11101110 01111111 01111111 01111111 00000000 00000000
 00000000 10000000 11101110 01111111 01111111 01111111 00000000 00000000
 00000000 10000000 11101110 01111111 01111111 01111111 00000000 00000000
 00000000 10000000 11101110 01111111 01111111 01111111 00000000 00000000
 00000000 10000000 11101110 01111111 01111111 01111111 00000000 00000000
 00000000 10000000 11101110 01111111 01111111 01111111 00000000 00000000
 00000000 10000000 11101110 01111111 01111111 01111111 00000000 00000000
 00000000 10000000 11101110 01111111 01111111 01111111 00000000 00000000
 00000000 10000000 11101110 01111111 01111111 01111111 00000000 00000000
 00000000 10000000 11101110 01111111 01111111 01111111 00000000 00000000
 00000000 10000000 11101110 01111111 01111111 01111111 00000000 00000000
 00000000 10000000 11010100 01111111 01111111 01111111 00000000 00000000
 00000000 10000000 10110111 01111111 01111111 01111111 00000000 00000000
 00000000 10000000 10100111 01111111 01111111 01111111 00000000 00000000
 00000000 10000000 10011000 01111111 01111111 01111111 00000000 00000000
 00000000 10000000 10001000 01111111 01111111 01111111 00000000 00000000
 00000000 10000000 10000000 01111111 01111111 01111111 00000000 00000000
 00000000 10000000 10000000 01111111 01111111 01111111 00000000 00000000
 00000000 10000000 10000000 01111111 01111111 01111111 00000000 00000000
 00000000 10000000 10000000 01111111 01111111 01111111 00000000 00000000
 00000000 10000000 10000000 01111111 01111111 01111111 00000000 00000000
 00000000 10000000 10000000 01111111 01111111 01111111 00000000 00000000
 00000000 10000000 10000000 01111111 01111111 01111111 00000000 00000000
 00000000 10000000 10000000 01111111 01111111 01111111 00000000 00000000
 00000000 10000000 10000000 01111111 01111111 01111111 00000000 00000000
 00000000 10000000 10000000 01111111 01111111 01111111 00000000 00000000
 00000000 10000000 10000000 01111111 01111111 01111111 00000000 00000000
 00000000 10000000 10000000 01111111 01111111 01111111 00000000 00000000
 00000000 10000000 10000000 01111111 01111111 01111111 00000000 00000000
 00000000 10000000 10000000 01111111 01111111 01111111 00000000 00000000
 00000000 10000000 10000000 01111111 01111111 01111111 00000000 00000000
 00000000 10000000 10000000 01111111 01111111 01111111 00000000 00000000
 00000000 10000000 10000000 01111111 01111111 01111111 00000000 00000000
 00000000 10000000 10000000 01111111 01111111 01111111 00000000 00000000
 00000000 10000000 10000000 01111111 01111111 01111111 00000000 00000000
 00000000 10000000 10000000 01111111 01111111 01111111 00000000 00000000
 00000000 10000000 10000000 01111111 01111111 01111111 00000000 00000000
 00000000 10000000 10000000 01111111 01111111 01111111 00000000 00000000
 00000000 10000000 10000000 01111111 01111111 01111111 00000000 00000000
 00000000 10000000 10000000 01111111 01111111 01111111 00000000 00000000
 00000000 10000000 10000000 01111111 01111111 01111111 00000000 00000000
 00000000 10000000 10000000 01111111 01111111 01111111 00000000 00000000
 00000000 10000000 10000000 01111111 01111111 01111111 00000000 00000000
 00000000 10000000 10000000 01111111 01111111 01111111 00000000 00000000
 00000000 10000000 10000000 01111111 01111111 01111111 00000000 00000000
 00000000 10000000 10000000 01111111 01111111 01111111 00000000 00000000
 00000000 10000000 10000000 01111111 01111111 01111111 00000000 00000000
 00000000 10000000 10000000 01111111 01111111 01111111 00000000 00000000
 00000000 10000000 10000000 01111111 01111111 01111111 00000000 00000000
 00000000 10000000 10000000 01111111 01111111 01111111 00000000 00000000
 00000000 10000000 10000000 01111111 01111111 01111111 00000000 00000000
 00000000 10000000 10000000 01111111 01111111 01111111 00000000 00000000
 00000000 10000000 10000000 01111111 01111111 01111111 00000000 00000000
 00000000 10000000 10000000 01111111 01111111 01111111 00000000 00000000
 00000000 10000000 10000000 01111111 01111111 01111111 00000000 00000000
 00000000 10000000 10000000 01111111 01111111 01111111 00000000 00000000
 00000000 10000000 10000000 01111111 01111111 01111111 00000000 00000000
 00000000 10000000 10000000 01111111 01111111 01111111 00000000 00000000
 00000000 10000000 10000000 01111111 01111111 01111111 00000000 00000000
 00000000 10000000 10000000 01111111 01111111 01111111 00000000 00000000
 00000000 10000000 10000000 01111111 01111111 01111111 00000000 00000000
 00000000 10000000 10000000 01111111 01111111 01111111 00000000 00000000
 00000000 10000000 10000000 01111111 01111111 01111111 00000000 00000000
 00000000 10000000 10000000 01111111 01111111 01111111 00000000 00000000
 00000000 10000000 10000000 01111111 01111111 01111111 00000000 00000000
 00000000 10000000 10000000 01111111 01111111 01111111 00000000 00000000
 00000000 10000000 10000000 01111111 01111111 01111111 00000000 00000000
 00000000 10000000 10000000 01111111 01111111 01111111 00000000 00000000
 00000000 10000000 10000000 01111111 01111111 01111111 00000000 00000000
 00000000 10000000 10000000 01111111 01111111 01111111 00000000 00000000
 00000000 10000000 10000000 01111111 01111111 01111111 00000000 00000000
 00000000 10000000 10000000 01111111 01111111 01111111 00000000 00000000
 00000000 10000000 10000000 01111111 01111111 01111111 00000000 00000000
 00000000 10000000 10000000 01111111 01111111 01111111 00000000 00000000
 00000000 10000000 10000000 01111111 01111111 01111111 00000000 00000000
 00000000 10000000 10000000 01111111 01111111 01111111 00000000 00000000
 00000000 10000000 10000000 01111111 01111111 01111111 00000000 00000000
 00000000 10000000 10000000 01111111 01111111 01111111 00000000 00000000
 00000000 10000000 10000000 01111111 01111111 01111111 00000000 00000000
 00000000 10000000 10000000 01111111 01111111 01111111 00000000 00000000
 00000000 10000000 10000000 01111111 01111111 01111111 00000000 00000000
 00000000 10000000 10000000 01111111 01111111 01111111 00000000 00000000
 00000000 10000000 10000000 01111111 01111111 01111111 00000000 00000000
 00000000 10000000 10000000 01111111 01111111 01111111 00000000 00000000
 00000000 10000000 10000000 01111111 01111111 01111111 00000000 00000000
 00000000 10000000 10000000 01111111 01111111 01111111 00000000 00000000
 00000000 10000000 10000000 01111111 01111111 01111111 00000000 00000000
 00000000 10000000 10000000 01111111 01111111 01111111 00000000 00000000
 00000000 10000000 10000000 01111111 01111111 01111111 00000000 00000000
 00000000 10000000 10000000 01111111 01111111 01111111 00000000 00000000
 00000000 10000000 10000000 01111111 01111111 01111111 00000000 00000000
 00000000 10000000 10000000 01111111 01111111 01111111 00000000 00000000
 00000000 10000000 10000000 01111111 01111111 01111111 00000000 00000000
 00000000 10000000 10000000 01111111 01111111 01111111 00000000 00000000
 00000000 10000000 10000000 01111111 01111111 01111111 00000000 00000000
 00000000 10000000 10000000 01111111 01111111 01111111 00000000 00000000
 00000000 10000000 10000000 01111111 01111111 01111111 00000000 00000000
 00000000 10000000 10000000 01111111 01111111 01111111 00000000 00000000
 00000000 10000000 10000000 01111111 01111111 01111111 00000000 00000000
 00000000 10000000 10000000 01111111 01111111 01111111 00000000 00000000
 00000000 10000000 10000000 01111111 01111111 01111111 00000000 00000000
 00000000 10000000 10000000 01111111 01111111 01111111 00000000 00000000
 00000000 10000000 10000000 01111111 01111111 01111111 00000000 00000000
 00000000 10000000 10000000 01111111 01111111 01111111 00000000 00000000
 00000000 10000000 10000000 01111111 01111111 01111111 00000000 00000000
 00000000 10000000 10000000 01111111 01111111 01111111 00000000 00000000
 00000000 10000000 10000000 01111111 01111111 01111111 00000000 00000000
 00000000 10000000 10000000 01111111 01111111 01111111 00000000 00000000
 00000000 10000000 10000000 01111111 01111111 01111111 00000000 00000000
 00000000 10000000 10000000 01111111 01111111 01111111 00000000 00000000
 00000000 10000000 10000000 01111111 01111111 01111111 00000000 00000000
 00000000 10000000 10000000 01111111 01111111 01111111 00000000 00000000
 00000000 10000000 10000000 01111111 01111111 01111111 00000000 00000000
 00000000 10000000 10000000 01111111 01111111 01111111 00000000 00000000
 00000000 10000000 10000000 01111111 01111111 01111111 00000000 00000000
 00000000 10000000 10000000 01111111 01111111 01111111 00000000 00000000
 00000000 10000000 10000000 01111111 01111111 01111111 00000000 00000000
 00000000 10000000 10000000 01111111 01111111 01111111 00000000 00000000
 00000000 10000000 10000000 01111111 01111111 01111111 00000000 00000000
 00000000 10000000 10000000 01111111 01111111 01111111 00000000 00000000
 00000000 10000000 10000000 01111111 01111111 01111111 00000000 00000000
 00000000 10000000 10000000 01111111 01111111 01111111 00000000 00000000
 00000000 10000000 10000000 01111111 01111111 01111111 00000000 00000000
 00000000 10000000 10000000 01111111 01111111 01111111 00000000 00000000
 00000000 10000000 10000000 01111111 01111111 01111111 00000000 00000000
 00000000 10000000 10000000 01111111 01111111 01111111 00000000 00000000
 00000000 10000000 10000000 01111111 01111111 01111111 00000000 00000000
 00000000 10000000 10000000 01111111 01111111 01111111 00000000 00000000
 00000000 10000000 10000000 01111111 01111111 01111111 00000000 00000000
 00000000 10000000 10000000 01111111 01111111 01111111 00000000 00000000
 00000000 10000000 10000000 01111111 01111111 01111111 00000000 00000000
 00000000 10000000 10000000 01111111 01111111 01111111 00000000 00000000
 00000000 10000000 10000000 01111111 01111111 01111111 00000000 00000000
 00000000 10000000 10000000 01111111 01111111 01111111 00000000 00000000
 00000000 10000000 10000000 01111111 01111111 01111111 00000000 00000000
 00000000 10000000 10000000 01111111 01111111 01111111 00000000 00000000
 00000000 10000000 10000000 01111111 01111111 01111111 00000000 00000000
 00000000 10000000 10000000 01111111 01111111 01111111 00000000 00000000
 00000000 10000000 10000000 01111111 01111111 01111111 00000000 00000000
 00000000 10000000 10000000 01111111 01111111 01111111 00000000 00000000
 00000000 10000000 10000000 01111111 01111111 01111111 00000000 00000000
 00000000 10000000 10000000 01111111 01111111 01111111 00000000 00000000
 00000000 10000000 10000000 01111111 01111111 01111111 00000000 00000000
 00000000 10000000 10000000 01111111 01111111 01111111 00000000 00000000
 00000000 10000000 10000000 01111111 01111111 01111111 00000000 00000000
 00000000 10000000 10000000 01111111 01111111 01111111 00000000 00000000
 00000000 10000000 10000000 01111111 01111111 01111111 00000000 00000000
 00000000 10000000 10000000 01111111 01111111 01111111 00000000 00000000
 00000000 10000000 10000000 01111111 01111111 01111111 00000000 00000000
 00000000 10000000 10000000 01111111 01111111 01111111 00000000 00000000
 00000000 10000000 10000000 01111111 01111111 01111111 00000000 00000000
 00000000 10000000 10000000 01111111 01111111 01111111 00000000 00000000
 00000000 10000000 10000000 01111111 01111111 01111111 00000000 00000000
 00000000 10000000 10000000 01111111 01111111 01111111 00000000 00000000
 00000000 10000000 10000000 01111111 01111111 01111111 00000000 00000000
 00000000 10000000 10000000 01111111 01111111 01111111 00000000 00000000
 00000000 10000000 10000000 01111111 01111111 01111111 00000000 00000000
 00000000 10000000 10000000 01111111 01111111 01111111 00000000 00000000
 00000000 10000000 10000000 01111111 01111111 01111111 00000000 00000000
 00000000 10000000 10000000 01111111 01111111 01111111 00000000 00000000
 00000000 10000000 10000000 01111111 01111111 01111111 00000000 00000000
 00000000 10000000 10000000 01111111 01111111 01111111 00000000 00000000
 00000000 10000000 10000000 01111111 01111111 01111111 00000000 00000000
 00000000 10000000 10000000 01111111 01111111 01111111 00000000 00000000
 00000000 10000000 10000000 01111111 01111111 01111111 00000000 00000000
 00000000 10000000 10000000 01111111 01111111 01111111 00000000 00000000
 00000000 10000000 10000000 01111111 01111111 01111111 00000000 00000000
 00000000 10000000 10000000 01111111 01111111 01111111 00000000 00000000
 00000000 10000000 10000000 01111111 01111111 01111111 00000000 00000000
 00000000 10000000 10000000 01111111 01111111 01111111 00000000 00000000
 00000000 10000000 10000000 01111111 01111111 01111111 00000000 00000000
 00000000 10000000 10000000 01111111 01111111 01111111 00000000 00000000
 00000000 10000000 10000000 01111111 01111111 01111111 00000000 00000000
 00000000 10000000 10000000 01111111 01111111 01111111 00000000 00000000
 00000000 10000000 10000000 01111111 01111111 01111111 00000000 00000000
 00000000 10000000 10000000 01111111 01111111 01111111 00000000 00000000
 00000000 10000000 10000000 01111111 01111111 01111111 00000000 00000000
 00000000 10000000 10000000 01111111 01111111 01111111 00000000 00000000
 00000000 10000000 10000000 01111111 01111111 01111111 00000000 00000000
 00000000 10000000 10000000 01111111 01111111 01111111 00000000 00000000
 00000000 10000000 10000000 01111111 01111111 01111111 00000000 00000000
 00000000 10000000 10000000 01111111 01111111 01111111 00000000 00000000
 00000000 10000000 10000000 01111111 01111111 01111111 00000000 00000000
 00000000 10000000 10000000 01111111 01111111 01111111 00000000 00000000
 00000000 10000000 10000000 01111111 01111111 01111111 00000000 00000000
 00000000 10000000 10000000 01111111 01111111 01111111 00000000 00000000
 00000000 10000000 10000000 01111111 01111111 01111111 00000000 00000000
 00000000 10000000 10000000 01111111 01111111 01111111 00000000 00000000
