 00000000 10000000 10000000 01111111 01111111 10000000 00000000 00000000
 00000000 10000000 10000000 01111111 01111111 10000000 00000000 00000000
 00000000 10000000 10000000 01111111 01111111 10000000 00000000 00000000
 00000000 10000000 10000000 01111111 01111111 10000000 00000000 00000000
 00000000 10000000 10000000 01111111 01111111 10000000 00000000 00000000
 00000000 10000000 10000000 01111111 01111111 10000000 00000000 00000000
 00000000 10000000 10000000 01111111 01111111 10000000 00000000 00000000
 00000000 10000000 10000000 01111111 01111111 10000000 00000000 00000000
 00000000 10000000 10000000 01111111 01111111 10000000 00000000 00000000
 00000000 10000000 10000000 01111111 01111111 10000000 00000000 00000000
 00000000 10000000 10000000 01111111 01111111 10000000 00000000 00000000
 00000000 10000000 10000000 01111111 01111111 10000000 00000000 00000000
 00000000 10000000 10000000 01111111 01111111 10000000 00000000 00000000
 00000000 10000000 10000000 01111111 01111111 10000000 00000000 00000000
 00000000 10000000 10000000 01111111 01111111 10000000 00000000 00000000
 00000000 10000000 10000000 01111111 01111111 10000000 00000000 00000000
 00000000 10000000 10000000 01111111 01111111 10000000 00000000 00000000
 00000000 10000000 10000000 01111111 01111111 10000000 00000000 00000000
 00000000 10000000 10000000 01111111 01111111 10000000 00000000 00000000
 00000000 10000000 10000000 01111111 01111111 10000000 00000000 00000000
 00000000 10000000 10000000 01111111 01111111 10000000 00000000 00000000
 00000000 10000000 10000000 01111111 01111111 10000000 00000000 00000000
 00000000 10000000 10000000 01111111 01111111 10000000 00000000 00000000
 00000000 10000000 10000000 01111111 01111111 10000000 00000000 00000000
 00000000 10000000 10000000 01111111 01111111 10000000 00000000 00000000
 00000000 10000000 10000000 01111111 01111111 10000000 00000000 00000000
 00000000 10000000 10000000 01111111 01111111 10000000 00000000 00000000
 00000000 10000000 10000000 01111111 01111111 10000000 00000000 00000000
 00000000 10000000 10000000 01111111 01111111 10000000 00000000 00000000
 00000000 10000000 10000000 01111111 01111111 10000000 00000000 00000000
 00000000 10000000 10000000 01111111 01111111 10000000 00000000 00000000
 00000000 10000000 10000000 01111111 01111111 10000000 00000000 00000000
 00000000 10000000 10000000 01111111 01111111 10000000 00000000 00000000
 00000000 10000000 10000000 01111111 01111111 10000000 00000000 00000000
 00000000 10000000 10000000 01111111 01111111 10000000 00000000 00000000
 00000000 10000000 10000000 01111111 01111111 10000000 00000000 00000000
 00000000 10000000 10000000 01111111 01111111 10000000 00000000 00000000
 00000000 10000000 10000000 01111111 01111111 10000000 00000000 00000000
 00000000 10000000 10000000 01111111 01111111 10000000 00000000 00000000
 00000000 10000000 10000000 01111111 01111111 10000000 00000000 00000000
 00000000 10000000 10000000 01111111 01111111 10000000 00000000 00000000
 00000000 10000000 10000000 01111111 01111111 10000000 00000000 00000000
 00000000 10000000 10000000 01111111 01111111 10000000 00000000 00000000
 00000000 10000000 10000000 01111111 01111111 10000000 00000000 00000000
 00000000 10000000 10000000 01111111 01111111 10000000 00000000 00000000
 00000000 10000000 10000000 01111111 01111111 10000000 00000000 00000000
 00000000 10000000 10000000 01111111 01111111 10000000 00000000 00000000
 00000000 10000000 10000000 01111111 01111111 10000000 00000000 00000000
 00000000 10000000 10000000 01111111 01111111 10000000 00000000 00000000
 00000000 10000000 10000000 01111111 01111111 10000000 00000000 00000000
 00000000 10000000 10000000 01111111 01111111 10000000 00000000 00000000
 00000000 10000000 10000000 01111111 01111111 10000000 00000000 00000000
 00000000 10000000 10000000 01111111 01111111 10000000 00000000 00000000
 00000000 10000000 10000000 01111111 01111111 10000000 00000000 00000000
 00000000 10000000 10000000 01111111 01111111 10000000 00000000 00000000
 00000000 10000000 10000000 01111111 01111111 10000000 00000000 00000000
 00000000 10000000 10000000 01111111 01111111 10000000 00000000 00000000
 00000000 10000000 10000000 01111111 01111111 10000000 00000000 00000000
 00000000 10000000 10000000 01111111 01111111 10000000 00000000 00000000
 00000000 10000000 10000000 01111111 01111111 10000000 00000000 00000000
 00000000 10000000 10000000 01111111 01111111 10000000 00000000 00000000
 00000000 10000000 10000000 01111111 01111111 10000000 00000000 00000000
 00000000 10000000 10000000 01111111 01111111 10000000 00000000 00000000
 00000000 10000000 10000000 01111111 01111111 10000000 00000000 00000000
 00000000 10000000 10000000 01111111 01111111 10000000 00000000 00000000
 00000000 10000000 10000000 01111111 01111111 10000000 00000000 00000000
 00000000 10000000 10000000 01111111 01111111 10000000 00000000 00000000
 00000000 10000000 10000000 01111111 01111111 10000000 00000000 00000000
 00000000 10000000 10000000 01111111 01111111 10000000 00000000 00000000
 00000000 10000000 10000000 01111111 01111111 10000000 00000000 00000000
 00000000 10000000 10000000 01111111 01111111 10000000 00000000 00000000
 00000000 10000000 10000000 01111111 01111111 10000000 00000000 00000000
 00000000 10000000 10000000 01111111 01111111 10000000 00000000 00000000
 00000000 10000000 10000000 01111111 01111111 10000000 00000000 00000000
 00000000 10000000 10000000 01111111 01111111 10000000 00000000 00000000
 00000000 10000000 10000000 01111111 01111111 10000000 00000000 00000000
 00000000 10000000 10000000 01111111 01111111 10000000 00000000 00000000
 00000000 10000000 10000000 01111111 01111111 10000000 00000000 00000000
 00000000 10000000 10000000 01111111 01111111 10000000 00000000 00000000
 00000000 10000000 10000000 01111111 01111111 10000000 00000000 00000000
 00000000 10000000 10000000 01111111 01111111 10000000 00000000 00000000
 00000000 10000000 10000000 01111111 01111111 10000000 00000000 00000000
 00000000 10000000 10000000 01111111 01111111 10000000 00000000 00000000
 00000000 10000000 10000000 01111111 01111111 10000000 00000000 00000000
 00000000 10000000 10000000 01111111 01111111 10000000 00000000 00000000
 00000000 10000000 10000000 01111111 01111111 10000000 00000000 00000000
 00000000 10000000 10000000 01111111 01111111 10000000 00000000 00000000
 00000000 10000000 10000000 01111111 01111111 10000000 00000000 00000000
 00000000 10000000 10000000 01111111 01111111 10000000 00000000 00000000
 00000000 10000000 10000000 01111111 01111111 10000000 00000000 00000000
 00000000 10000000 10000000 01111111 01111111 10000000 00000000 00000000
 00000000 10000000 10000000 01111111 01111111 10000000 00000000 00000000
 00000000 10000000 10000000 01111111 01111111 10000000 00000000 00000000
 00000000 10000000 10000000 01111111 01111111 10000000 00000000 00000000
 00000000 10000000 10000000 01111111 01111111 10000000 00000000 00000000
 00000000 10000000 10000000 01111111 01111111 10000000 00000000 00000000
 00000000 10000000 10000000 01111111 01111111 10000000 00000000 00000000
 00000000 10000000 10000000 01111111 01111111 10000000 00000000 00000000
 00000000 10000000 10000000 01111111 01111111 10000000 00000000 00000000
 00000000 10000000 10000000 01111111 01111111 10000000 00000000 00000000
 00000000 10000000 10000000 01111111 01111111 10000000 00000000 00000000
 00000000 10000000 10000000 01111111 01111111 10000000 00000000 00000000
 00000000 10000000 10000000 01111111 01111111 10000000 00000000 00000000
 00000000 10000000 10000000 01111111 01111111 10000000 00000000 00000000
 00000000 10000000 10000000 01111111 01111111 10000000 00000000 00000000
 00000000 10000000 10000000 01111111 01111111 10000000 00000000 00000000
 00000000 10000000 10000000 01111111 01111111 10000000 00000000 00000000
 00000000 10000000 10000000 01111111 01111111 10000000 00000000 00000000
 00000000 10000000 10000000 01111111 01111111 10000000 00000000 00000000
 00000000 10000000 10000000 01111111 01111111 10000000 00000000 00000000
 00000000 10000000 10000000 01111111 01111111 10000000 00000000 00000000
 00000000 10000000 10000000 01111111 01111111 10000000 00000000 00000000
 00000000 10000000 10000000 01111111 01111111 10000000 00000000 00000000
 00000000 10000000 10000000 01111111 01111111 10000000 00000000 00000000
 00000000 10000000 10000000 01111111 01111111 10000000 00000000 00000000
 00000000 10000000 10000000 01111111 01111111 10000000 00000000 00000000
 00000000 10000000 10000000 01111111 01111111 10000000 00000000 00000000
 00000000 10000000 10000000 01111111 01111111 10000000 00000000 00000000
 00000000 10000000 10000000 01111111 01111111 10000000 00000000 00000000
 00000000 10000000 10000000 01111111 01111111 10000000 00000000 00000000
 00000000 10000000 10000000 01111111 01111111 10000000 00000000 00000000
 00000000 10000000 10000000 01111111 01111111 10000000 00000000 00000000
 00000000 10000000 10000000 01111111 01111111 10000000 00000000 00000000
 00000000 10000000 10000000 01111111 01111111 10000000 00000000 00000000
 00000000 10000000 10000000 01111111 01111111 10000000 00000000 00000000
 00000000 10000000 10000000 01111111 01111111 10000000 00000000 00000000
 00000000 10000000 10000000 01111111 01111111 10000000 00000000 00000000
 00000000 10000000 10000000 01111111 01111111 10000000 00000000 00000000
 00000000 10000000 10000000 01111111 01111111 10000000 00000000 00000000
 00000000 10000000 10000000 01111111 01111111 10000000 00000000 00000000
 00000000 10000000 10000000 01111111 01111111 10000000 00000000 00000000
 00000000 10000000 10000000 01111111 01111111 10000000 00000000 00000000
 00000000 10000000 10000000 01111111 01111111 10000000 00000000 00000000
 00000000 10000000 10000000 01111111 01111111 10000000 00000000 00000000
 00000000 10000000 10000000 01111111 01111111 10000000 00000000 00000000
 00000000 10000000 10000000 01111111 01111111 10000000 00000000 00000000
 00000000 10000000 10000000 01111111 01111111 10000000 00000000 00000000
 00000000 10000000 10000000 01111111 01111111 10000000 00000000 00000000
 00000000 10000000 10000000 01111111 01111111 10000000 00000000 00000000
 00000000 10000000 10000000 01111111 01111111 10000000 00000000 00000000
 00000000 10000000 10000000 01111111 01111111 10000000 00000000 00000000
 00000000 10000000 10000000 01111111 01111111 10000000 00000000 00000000
 00000000 10000000 10000000 01111111 01111111 10000000 00000000 00000000
 00000000 10000000 10000000 01111111 01111111 10000000 00000000 00000000
 00000000 10000000 10000000 01111111 01111111 10000000 00000000 00000000
 00000000 10000000 10000000 01111111 01111111 10000000 00000000 00000000
 00000000 10000000 10000000 01111111 01111111 10000000 00000000 00000000
 00000000 10000000 10000000 01111111 01111111 10000000 00000000 00000000
 00000000 10000000 10000000 01111111 01111111 10000000 00000000 00000000
 00000000 10000000 10000000 01111111 01111111 10000000 00000000 00000000
 00000000 10000000 10000000 01111111 01111111 10000000 00000000 00000000
 00000000 10000000 10000000 01111111 01111111 10000000 00000000 00000000
 00000000 10000000 10000000 01111111 01111111 10000000 00000000 00000000
 00000000 10000000 10000000 01111111 01111111 10000000 00000000 00000000
 00000000 10000000 10000000 01111111 01111111 10000000 00000000 00000000
 00000000 10000000 10000000 01111111 01111111 10000000 00000000 00000000
 00000000 10000000 10000000 01111111 01111111 10000000 00000000 00000000
 00000000 10000000 10000000 01111111 01111111 10000000 00000000 00000000
 00000000 10000000 10000000 01111111 01111111 10000000 00000000 00000000
 00000000 10000000 10000000 01111111 01111111 10000000 00000000 00000000
 00000000 10000000 10000000 01111111 01111111 10000000 00000000 00000000
 00000000 10000000 10000000 01111111 01111111 10000000 00000000 00000000
 00000000 10000000 10000000 01111111 01111111 10000000 00000000 00000000
 00000000 10000000 10000000 01111111 01111111 10000000 00000000 00000000
 00000000 10000000 10000000 01111111 01111111 10000000 00000000 00000000
 00000000 10000000 10000000 01111111 01111111 10000000 00000000 00000000
 00000000 10000000 10000000 01111111 01111111 10000000 00000000 00000000
 00000000 10000000 10000000 01111111 01111111 10000000 00000000 00000000
 00000000 10000000 10000000 01111111 01111111 10000000 00000000 00000000
 00000000 10000000 10000000 01111111 01111111 10000000 00000000 00000000
 00000000 10000000 10000000 01111111 01111111 10000000 00000000 00000000
 00000000 10000000 10000000 01111111 01111111 10000000 00000000 00000000
 00000000 10000000 10000000 01111111 01111111 10000000 00000000 00000000
 00000000 10000000 10000000 01111111 01111111 10000000 00000000 00000000
 00000000 10000000 10000000 01111111 01111111 10000000 00000000 00000000
 00000000 10000000 10000000 01111111 01111111 10000000 00000000 00000000
 00000000 10000000 10000000 01111111 01111111 10000000 00000000 00000000
 00000000 10000000 10000000 01111111 01111111 10000000 00000000 00000000
 00000000 10000000 10000000 01111111 01111111 10000000 00000000 00000000
 00000000 10000000 10000000 01111111 01111111 10000000 00000000 00000000
 00000000 10000000 10000000 01111111 01111111 10000000 00000000 00000000
 00000000 10000000 10000000 01111111 01111111 10000000 00000000 00000000
 00000000 10000000 10000000 01111111 01111111 10000000 00000000 00000000
 00000000 10000000 10000000 01111111 01111111 10000000 00000000 00000000
 00000000 10000000 10000000 01111111 01111111 10000000 00000000 00000000
 00000000 10000000 10000000 01111111 01111111 10000000 00000000 00000000
 00000000 10000000 10000000 01111111 01111111 10000000 00000000 00000000
 00000000 10000000 10000000 01111111 01111111 10000000 00000000 00000000
 00000000 10000000 10000000 01111111 01111111 10000000 00000000 00000000
 00000000 10000000 10000000 01111111 01111111 10000000 00000000 00000000
 00000000 10000000 10000000 01111111 01111111 10000000 00000000 00000000
 00000000 10000000 10000000 01111111 01111111 10000000 00000000 00000000
 00000000 10000000 10000000 01111111 01111111 10000000 00000000 00000000
 00000000 10000000 10000000 01111111 01111111 10000000 00000000 00000000
 00000000 10000000 10000000 01111111 01111111 10000000 00000000 00000000
 00000000 10000000 10000000 01111111 01111111 10000000 00000000 00000000
 00000000 10000000 10000000 01111111 01111111 10000000 00000000 00000000
 00000000 10000000 10000000 01111111 01111111 10000000 00000000 00000000
 00000000 10000000 10000000 01111111 01111111 10000000 00000000 00000000
 00000000 10000000 10000000 01111111 01111111 10000000 00000000 00000000
 00000000 10000000 10000000 01111111 01111111 10000000 00000000 00000000
 00000000 10000000 10000000 01111111 01111111 10000000 00000000 00000000
 00000000 10000000 10000000 01111111 01111111 10000000 00000000 00000000
 00000000 10000000 10000000 01111111 01111111 10000000 00000000 00000000
 00000000 10000000 10000000 01111111 01111111 10000000 00000000 00000000
 00000000 10000000 10000000 01111111 01111111 10000000 00000000 00000000
 00000000 10000000 10000000 01111111 01111111 10000000 00000000 00000000
 00000000 10000000 10000000 01111111 01111111 10000000 00000000 00000000
 00000000 10000000 10000000 01111111 01111100 10000000 00000000 00000000
 00000000 10000000 10000000 01111111 01111010 10000000 00000000 00000000
 00000000 10000000 10000000 01111111 01111000 10000000 00000000 00000000
 00000000 10000000 10000000 01111111 01110101 10000000 00000000 00000000
 00000000 10000000 10000000 01111111 01110011 10000000 00000000 00000000
 00000000 10000000 10000000 01111111 01110010 10000000 00000000 00000000
 00000000 10000000 10000000 01111111 01110001 10000000 00000000 00000000
 00000000 10000000 10000000 01111111 01101111 10000000 00000000 00000000
 00000000 10000000 10000000 01111111 01101101 10000000 00000000 00000000
 00000000 10000000 10000000 01111111 01101011 10000000 00000000 00000000
 00000000 10000000 10000000 01111111 01101010 10000000 00000000 00000000
 00000000 10000000 10000000 01111111 01100111 10000000 00000000 00000000
 00000000 10000000 10000000 01111111 01100100 10000000 00000000 00000000
 00000000 10000000 10000000 01111111 01100010 10000000 00000000 00000000
 00000000 10000000 10000000 01111111 01100000 10000000 00000000 00000000
 00000000 10000000 10000000 01111111 01011101 10000000 00000000 00000000
 00000000 10000000 10000000 01111111 01011010 10000000 00000000 00000000
 00000000 10000000 10000000 01111111 01010110 10000000 00000000 00000000
 00000000 10000000 10000000 01111111 01010100 10000000 00000000 00000000
 00000000 10000000 10000000 01111111 01010010 10000000 00000000 00000000
 00000000 10000000 10000000 01111111 01010001 10000000 00000000 00000000
 00000000 10000000 10000000 01111111 01001111 10000000 00000000 00000000
 00000000 10000000 10000000 01111111 01001111 10000000 00000000 00000000
 00000000 10000000 10000000 01111111 01001110 10000000 00000000 00000000
 00000000 10000000 10000000 01111111 01001101 10000000 00000000 00000000
 00000000 10000000 10000000 01111111 01001101 10000000 00000000 00000000
 00000000 10000000 10000000 01111111 01001100 10000000 00000000 00000000
 00000000 10000000 10000000 01111111 01001011 10000000 00000000 00000000
 00000000 10000000 10000000 01111111 01001010 10000000 00000000 00000000
 00000000 10000000 10000000 01111111 01001000 10000000 00000000 00000000
 00000000 10000000 10000000 01111111 01000111 10000000 00000000 00000000
 00000000 10000000 10000000 01111111 01000110 10000000 00000000 00000000
 00000000 10000000 10000000 01111111 01000100 10000000 00000000 00000000
 00000000 10000000 10000000 01111111 01000011 10000000 00000000 00000000
 00000000 10000000 10000000 01111111 01000010 10000000 00000000 00000000
 00000000 10000000 10000000 01111111 01000000 10000000 00000000 00000000
 00000000 10000000 10000000 01111111 00111111 10000000 00000000 00000000
 00000000 10000000 10000000 01111111 00111101 10000000 00000000 00000000
 00000000 10000000 10000000 01111111 00111011 10000000 00000000 00000000
 00000000 10000000 10000000 01111111 00111010 10000000 00000000 00000000
 00000000 10000000 10000000 01111111 00111001 10000000 00000000 00000000
 00000000 10000000 10000000 01111111 00110111 10000000 00000000 00000000
 00000000 10000000 10000000 01111111 00110101 10000000 00000000 00000000
 00000000 10000000 10000000 01111111 00110010 10000000 00000000 00000000
 00000000 10000000 10000000 01111111 00101111 10000000 00000000 00000000
 00000000 10000000 10000000 01111111 00101100 10000000 00000000 00000000
 00000000 10000000 10000000 01111111 00101001 10000000 00000000 00000000
 00000000 10000000 10000000 01111111 00100111 10000000 00000000 00000000
 00000000 10000000 10000000 01111111 00100110 10000000 00000000 00000000
 00000000 10000000 10000000 01111111 00100011 10000000 00000000 00000000
 00000000 10000000 10000000 01111111 00011111 10000000 00000000 00000000
 00000000 10000000 10000000 01111111 00011100 10000000 00000000 00000000
 00000000 10000000 10000000 01111111 00011010 10000000 00000000 00000000
 00000000 10000000 10000000 01111111 00011000 10000000 00000000 00000000
 00000000 10000000 10000000 01111111 00010101 10000000 00000000 00000000
 00000000 10000000 10000000 01111111 00010010 10000000 00000000 00000000
 00000000 10000000 10000000 01111111 00010001 10000000 00000000 00000000
 00000000 10000000 10000000 01111111 00010000 10000000 00000000 00000000
 00000000 10000000 10000000 01111111 00010000 10000000 00000000 00000000
 00000000 10000000 10000000 01111111 00010000 10000000 00000000 00000000
 00000000 10000000 10000000 01111111 00010000 10000000 00000000 00000000
 00000000 10000000 10000000 01111111 00010000 10000000 00000000 00000000
 00000000 10000000 10000000 01111111 00010000 10000000 00000000 00000000
 00000000 10000000 10000000 01111111 00010000 10000000 00000000 00000000
 00000000 10000000 10000000 01111111 00010000 10000000 00000000 00000000
 00000000 10000000 10000000 01111111 00010000 10000000 00000000 00000000
 00000000 10000000 10000000 01111111 00010000 10000000 00000000 00000000
 00000000 10000000 10000000 01111111 00010000 10000000 00000000 00000000
 00000000 10000000 10000000 01111111 00010000 10000000 00000000 00000000
 00000000 10000000 10000000 01111111 00010000 10000000 00000000 00000000
 00000000 10000000 10000000 01111111 00010000 10000000 00000000 00000000
 00000000 10000000 10000000 01111111 00010000 10000000 00000000 00000000
 00000000 10000000 10000000 01111111 00010000 10000000 00000000 00000000
 00000000 10000000 10000000 01111111 00010000 10000000 00000000 00000000
 00000000 10000000 10000000 01111111 00010000 10000000 00000000 00000000
 00000000 10000000 10000000 01111111 00010000 10000000 00000000 00000000
 00000000 10000000 10000000 01111111 00010000 10000000 00000000 00000000
 00000000 10000000 10000000 01111111 00010000 10000000 00000000 00000000
 00000000 10000000 10000000 01111111 00010000 10000000 00000000 00000000
 00000000 10000000 10000000 01111111 00010000 10000000 00000000 00000000
 00000000 10000000 10000000 01111111 00010000 10000000 00000000 00000000
 00000000 10000000 10000000 01111111 00010000 10000000 00000000 00000000
 00000000 10000000 10000000 01111111 00010000 10000000 00000000 00000000
 00000000 10000000 10000000 01111111 00010000 10000000 00000000 00000000
 00000000 10000000 10000000 01111111 00010000 10000000 00000000 00000000
 00000000 10000000 10000000 01111111 00010000 10000000 00000000 00000000
 00000000 10000000 10000000 01111111 00010000 10000000 00000000 00000000
 00000000 10000000 10000000 01111111 00010000 10000000 00000000 00000000
 00000000 10000000 10000000 01111111 00010000 10000000 00000000 00000000
 00000000 10000000 10000000 01111111 00010000 10000000 00000000 00000000
 00000000 10000000 10000000 01111111 00010000 10000000 00000000 00000000
 00000000 10000000 10000000 01111111 00010000 10000000 00000000 00000000
 00000000 10000000 10000000 01111111 00010000 10000000 00000000 00000000
 00000000 10000000 10000000 01111111 00010000 10000000 00000000 00000000
 00000000 10000000 10000000 01111111 00010000 10000000 00000000 00000000
 00000000 10000000 10000000 01111111 00010000 10000000 00000000 00000000
 00000000 10000000 10000000 01111111 00010000 10000000 00000000 00000000
 00000000 10000000 10000000 01111111 00010000 10000000 00000000 00000000
 00000000 10000000 10000000 01111111 00010000 10000000 00000000 00000000
 00000000 10000000 10000000 01111111 00010000 10000000 00000000 00000000
 00000000 10000000 10000000 01111111 00010000 10000000 00000000 00000000
 00000000 10000000 10000000 01111111 00010000 10000000 00000000 00000000
 00000000 10000000 10000000 01111111 00010000 10000000 00000000 00000000
 00000000 10000000 10000000 01111111 00010000 10000000 00000000 00000000
 00000000 10000000 10000000 01111111 00010000 10000000 00000000 00000000
 00000000 10000000 10000000 01111111 00010000 10000000 00000000 00000000
 00000000 10000000 10000000 01111111 00010000 10000000 00000000 00000000
 00000000 10000000 10000000 01111111 00010000 10000000 00000000 00000000
 00000000 10000000 10000000 01111111 00010000 10000000 00000000 00000000
 00000000 10000000 10000000 01111111 00010000 10000000 00000000 00000000
 00000000 10000000 10000000 01111111 00010000 10000000 00000000 00000000
 00000000 10000000 10000000 01111111 00010000 10000000 00000000 00000000
 00000000 10000000 10000000 01111111 00010000 10000000 00000000 00000000
 00000000 10000000 10000000 01111111 00010000 10000000 00000000 00000000
 00000000 10000000 10000000 01111111 00010000 10000000 00000000 00000000
 00000000 10000000 10000000 01111111 00010000 10000000 00000000 00000000
 00000000 10000000 10000000 01111111 00010000 10000000 00000000 00000000
 00000000 10000000 10000000 01111111 00010000 10000000 00000000 00000000
 00000000 10000000 10000000 01111111 00010000 10000000 00000000 00000000
 00000000 10000000 10000000 01111111 00010000 10000000 00000000 00000000
 00000000 10000000 10000000 01111111 00010000 10000000 00000000 00000000
 00000000 10000000 10000000 01111111 00010000 10000000 00000000 00000000
 00000000 10000000 10000000 01111111 00010000 10000000 00000000 00000000
 00000000 10000000 10000000 01111111 00010000 10000000 00000000 00000000
 00000000 10000000 10000000 01111111 00010000 10000000 00000000 00000000
 00000000 10000000 10000000 01111111 00010000 10000000 00000000 00000000
 00000000 10000000 10000000 01111111 00010000 10000000 00000000 00000000
 00000000 10000000 10000000 01111111 00010000 10000000 00000000 00000000
 00000000 10000000 10000000 01111111 00010000 10000000 00000000 00000000
 00000000 10000000 10000000 01111111 00010000 10000000 00000000 00000000
 00000000 10000000 10000000 01111111 00010000 10000000 00000000 00000000
 00000000 10000000 10000000 01111111 00010000 10000000 00000000 00000000
 00000000 10000000 10000000 01111111 00010000 10000000 00000000 00000000
 00000000 10000000 10000000 01111111 00010000 10000000 00000000 00000000
 00000000 10000000 10000000 01111111 00010000 10000000 00000000 00000000
 00000000 10000000 10000000 01111111 00010000 10000000 00000000 00000000
 00000000 10000000 10000000 01111111 00010000 10000000 00000000 00000000
 00000000 10000000 10000000 01111111 00010000 10000000 00000000 00000000
 00000000 10000000 10000000 01111111 00010000 10000000 00000000 00000000
 00000000 10000000 10000000 01111111 00010000 10000000 00000000 00000000
 00000000 10000000 10000000 01111111 00010000 10000000 00000000 00000000
 00000000 10000000 10000000 01111111 00010000 10000000 00000000 00000000
 00000000 10000000 10000000 01111111 00010000 10000000 00000000 00000000
 00000000 10000000 10000000 01111111 00010000 10000000 00000000 00000000
 00000000 10000000 10000000 01111111 00010000 10000000 00000000 00000000
 00000000 10000000 10000000 01111111 00010000 10000000 00000000 00000000
 00000000 10000000 10000000 01111111 00010000 10000000 00000000 00000000
 00000000 10000000 10000000 01111111 00010000 10000000 00000000 00000000
 00000000 10000000 10000000 01111111 00010000 10000000 00000000 00000000
 00000000 10000000 10000000 01111111 00010000 10000000 00000000 00000000
 00000000 10000000 10000000 01111111 00010000 10000000 00000000 00000000
 00000000 10000000 10000000 01111111 00010000 10000000 00000000 00000000
 00000000 10000000 10000000 01111111 00010000 10000000 00000000 00000000
 00000000 10000000 10000000 01111111 00010000 10000000 00000000 00000000
 00000000 10000000 10000000 01111111 00010000 10000000 00000000 00000000
 00000000 10000000 10000000 01111111 00010000 10000000 00000000 00000000
 00000000 10000000 10000000 01111111 00010000 10000000 00000000 00000000
 00000000 10000000 10000000 01111111 00010000 10000000 00000000 00000000
 00000000 10000000 10000000 01111111 00010000 10000000 00000000 00000000
 00000000 10000000 10000000 01111111 00010000 10000000 00000000 00000000
 00000000 10000000 10000000 01111111 00010000 10000000 00000000 00000000
 00000000 10000000 10000000 01111111 00010000 10000000 00000000 00000000
 00000000 10000000 10000000 01111111 00010000 10000000 00000000 00000000
 00000000 10000000 10000000 01111111 00010000 10000000 00000000 00000000
 00000000 10000000 10000000 01111111 00010000 10000000 00000000 00000000
 00000000 10000000 10000000 01111111 00010000 10000000 00000000 00000000
 00000000 10000000 10000000 01111111 00010000 10000000 00000000 00000000
 00000000 10000000 10000000 01111111 00010000 10000000 00000000 00000000
 00000000 10000000 10000000 01111111 00010000 10000000 00000000 00000000
 00000000 10000000 10000000 01111111 00010000 10000000 00000000 00000000
 00000000 10000000 10000000 01111111 00010000 10000000 00000000 00000000
 00000000 10000000 10000000 01111111 00010000 10000000 00000000 00000000
 00000000 10000000 10000000 01111111 00010000 10000000 00000000 00000000
 00000000 10000000 10000000 01111111 00010000 10000000 00000000 00000000
 00000000 10000000 10000000 01111111 00010000 10000000 00000000 00000000
 00000000 10000000 10000000 01111111 00010000 10000000 00000000 00000000
 00000000 10000000 10000000 01111111 00010000 10000000 00000000 00000000
 00000000 10000000 10000000 01111111 00010000 10000000 00000000 00000000
 00000000 10000000 10000000 01111111 00010000 10000000 00000000 00000000
 00000000 10000000 10000000 01111111 00010000 10000000 00000000 00000000
 00000000 10000000 10000000 01111111 00010000 10000000 00000000 00000000
 00000000 10000000 10000000 01111111 00010000 10000000 00000000 00000000
 00000000 10000000 10000000 01111111 00010000 10000000 00000000 00000000
 00000000 10000000 10000000 01111111 00010000 10000000 00000000 00000000
 00000000 10000000 10000000 01111111 00010000 10000000 00000000 00000000
 00000000 10000000 10000000 01111111 00010000 10000000 00000000 00000000
 00000000 10000000 10000000 01111111 00010000 10000000 00000000 00000000
 00000000 10000000 10000000 01111111 00010000 10000000 00000000 00000000
 00000000 10000000 10000000 01111111 00010000 10000000 00000000 00000000
 00000000 10000000 10000000 01111111 00010000 10000000 00000000 00000000
 00000000 10000000 10000000 01111111 00010000 10000000 00000000 00000000
 00000000 10000000 10000000 01111111 00010000 10000000 00000000 00000000
 00000000 10000000 10000000 01111111 00010000 10000000 00000000 00000000
 00000000 10000000 10000000 01111111 00010000 10000000 00000000 00000000
 00000000 10000000 10000000 01111111 00010000 10000000 00000000 00000000
 00000000 10000000 10000000 01111111 00010000 10000000 00000000 00000000
 00000000 10000000 10000000 01111111 00010000 10000000 00000000 00000000
 00000000 10000000 10000000 01111111 00010000 10000000 00000000 00000000
 00000000 10000000 10000000 01111111 00010000 10000000 00000000 00000000
 00000000 10000000 10000000 01111111 00010000 10000000 00000000 00000000
 00000000 10000000 10000000 01111111 00010000 10000000 00000000 00000000
 00000000 10000000 10000000 01111111 00010010 10000000 00000000 00000000
 00000000 10000000 10000000 01111111 00010110 10000000 00000000 00000000
 00000000 10000000 10000000 01111111 00011011 10000000 00000000 00000000
 00000000 10000000 10000000 01111111 00011111 10000000 00000000 00000000
 00000000 10000000 10000000 01111111 00100000 10000000 00000000 00000000
 00000000 10000000 10000000 01111111 00100011 10000000 00000000 00000000
 00000000 10000000 10000000 01111111 00100110 10000000 00000000 00000000
 00000000 10000000 10000000 01111111 00101010 10000000 00000000 00000000
 00000000 10000000 10000000 01111111 00101110 10000000 00000000 00000000
 00000000 10000000 10000000 01111111 00110001 10000000 00000000 00000000
 00000000 10000000 10000000 01111111 00110101 10000000 00000000 00000000
 00000000 10000000 10000000 01111111 00111001 10000000 00000000 00000000
 00000000 10000000 10000000 01111111 01000000 10000000 00000000 00000000
 00000000 10000000 10000000 01111111 01000100 10000000 00000000 00000000
 00000000 10000000 10000000 01111111 01001011 10000000 00000000 00000000
 00000000 10000000 10000000 01111111 01010001 10000000 00000000 00000000
 00000000 10000000 10000000 01111111 01011010 10000000 00000000 00000000
 00000000 10000000 10000000 01111111 01100011 10000000 00000000 00000000
 00000000 10000000 10000000 01111111 01101100 10000000 00000000 00000000
 00000000 10000000 10000000 01111111 01110010 10000000 00000000 00000000
 00000000 10000000 10000000 01111111 01111001 10000000 00000000 00000000
 00000000 10000000 10000000 01111111 01111110 10000000 00000000 00000000
 00000000 10000000 10000000 01111111 01111110 10000000 00000000 00000000
 00000000 10000000 10000000 01111111 01111110 10000000 00000000 00000000
 00000000 10000000 10000000 01111111 01111110 10000000 00000000 00000000
 00000000 10000000 10000000 01111111 01111110 10000000 00000000 00000000
 00000000 10000000 10000000 01111111 01111110 10000000 00000000 00000000
 00000000 10000000 10000000 01111111 01111110 10000000 00000000 00000000
 00000000 10000000 10000000 01111111 01111110 10000000 00000000 00000000
 00000000 10000000 10000000 01111111 01111110 10000000 00000000 00000000
 00000000 10000000 10000000 01111111 01111110 10000000 00000000 00000000
 00000000 10000000 10000000 01111111 01111110 10000000 00000000 00000000
 00000000 10000000 10000000 01111111 01111110 10000000 00000000 00000000
 00000000 10000000 10000000 01111111 01111110 10000000 00000000 00000000
 00000000 10000000 10000000 01111111 01111110 10000000 00000000 00000000
 00000000 10000000 10000000 01111111 01111110 10000000 00000000 00000000
 00000000 10000000 10000000 01111111 01111110 10000000 00000000 00000000
 00000000 10000000 10000000 01111111 01111110 10000000 00000000 00000000
 00000000 10000000 10000000 01111111 01111110 10000000 00000000 00000000
 00000000 10000000 10000000 01111111 01111110 10000000 00000000 00000000
 00000000 10000000 10000000 01111111 01111110 10000000 00000000 00000000
 00000000 10000000 10000000 01111111 01111110 10000000 00000000 00000000
 00000000 10000000 10000000 01111111 01111110 10000000 00000000 00000000
 00000000 10000000 10000000 01111111 01111110 10000000 00000000 00000000
 00000000 10000000 10000000 01111111 01111110 10000000 00000000 00000000
 00000000 10000000 10000000 01111111 01111110 10000000 00000000 00000000
 00000000 10000000 10000000 01111111 01111110 10000000 00000000 00000000
 00000000 10000000 10000000 01111111 01111110 10000000 00000000 00000000
 00000000 10000000 10000000 01111111 01111110 10000000 00000000 00000000
 00000000 10000000 10000000 01111111 01111110 10000000 00000000 00000000
 00000000 10000000 10000000 01111111 01111110 10000000 00000000 00000000
 00000000 10000000 10000000 01111111 01111110 10000000 00000000 00000000
 00000000 10000000 10000000 01111111 01111110 10000000 00000000 00000000
 00000000 10000000 10000000 01111111 01111110 10000000 00000000 00000000
 00000000 10000000 10000000 01111111 01111110 10000000 00000000 00000000
 00000000 10000000 10000000 01111111 01111110 10000000 00000000 00000000
 00000000 10000000 10000000 01111111 01111110 10000000 00000000 00000000
 00000000 10000000 10000000 01111111 01111110 10000000 00000000 00000000
 00000000 10000000 10000000 01111111 01111110 10000000 00000000 00000000
 00000000 10000000 10000000 01111111 01111110 10000000 00000000 00000000
 00000000 10000000 10000000 01111111 01111110 10000000 00000000 00000000
 00000000 10000000 10000000 01111111 01111110 10000000 00000000 00000000
 00000000 10000000 10000000 01111111 01111110 10000000 00000000 00000000
 00000000 10000000 10000000 01111111 01111110 10000000 00000000 00000000
 00000000 10000000 10000000 01111111 01111110 10000000 00000000 00000000
 00000000 10000000 10000000 01111111 01111110 10000000 00000000 00000000
 00000000 10000000 10000000 01111111 01111110 10000000 00000000 00000000
 00000000 10000000 10000000 01111111 01111110 10000000 00000000 00000000
 00000000 10000000 10000000 01111111 01111110 10000000 00000000 00000000
 00000000 10000000 10000000 01111111 01111110 10000000 00000000 00000000
 00000000 10000000 10000000 01111111 01111110 10000000 00000000 00000000
 00000000 10000000 10000000 01111111 01111110 10000000 00000000 00000000
 00000000 10000000 10000000 01111111 01111110 10000000 00000000 00000000
 00000000 10000000 10000000 01111111 01111110 10000000 00000000 00000000
 00000000 10000000 10000000 01111111 01111110 10000000 00000000 00000000
 00000000 10000000 10000000 01111111 01111110 10000000 00000000 00000000
 00000000 10000000 10000000 01111111 01111110 10000000 00000000 00000000
 00000000 10000000 10000000 01111111 01111110 10000000 00000000 00000000
 00000000 10000000 10000000 01111111 01111110 10000000 00000000 00000000
 00000000 10000000 10000000 01111111 01111110 10000000 00000000 00000000
 00000000 10000000 10000000 01111111 01111110 10000000 00000000 00000000
 00000000 10000000 10000000 01111111 01111110 10000000 00000000 00000000
 00000000 10000000 10000000 01111111 01111110 10000000 00000000 00000000
 00000000 10000000 10000000 01111111 01111110 10000000 00000000 00000000
 00000000 10000000 10000000 01111111 01111110 10000000 00000000 00000000
 00000000 10000000 10000000 01111111 01111110 10000000 00000000 00000000
 00000000 10000000 10000000 01111111 01111110 10000000 00000000 00000000
 00000000 10000000 10000000 01111111 01111110 10000000 00000000 00000000
 00000000 10000000 10000000 01111111 01111110 10000000 00000000 00000000
 00000000 10000000 10000000 01111111 01111110 10000000 00000000 00000000
 00000000 10000000 10000000 01111111 01111110 10000000 00000000 00000000
 00000000 10000000 10000000 01111111 01111110 10000000 00000000 00000000
 00000000 10000000 10000000 01111111 01111110 10000000 00000000 00000000
 00000000 10000000 10000000 01111111 01111110 10000000 00000000 00000000
 00000000 10000000 10000000 01111111 01111110 10000000 00000000 00000000
 00000000 10000000 10000000 01111111 01111110 10000000 00000000 00000000
 00000000 10000000 10000000 01111111 01111110 10000000 00000000 00000000
 00000000 10000000 10000000 01111111 01111110 10000000 00000000 00000000
 00000000 10000000 10000000 01111111 01111110 10000000 00000000 00000000
 00000000 10000000 10000000 01111111 01111110 10000000 00000000 00000000
 00000000 10000000 10000000 01111111 01111110 10000000 00000000 00000000
 00000000 10000000 10000000 01111111 01111110 10000000 00000000 00000000
 00000000 10000000 10000000 01111111 01111110 10000000 00000000 00000000
 00000000 10000000 10000000 01111111 01111110 10000000 00000000 00000000
 00000000 10000000 10000000 01111111 01111110 10000000 00000000 00000000
 00000000 10000000 10000000 01111111 01111110 10000000 00000000 00000000
 00000000 10000000 10000000 01111111 01111110 10000000 00000000 00000000
 00000000 10000000 10000000 01111111 01111110 10000000 00000000 00000000
 00000000 10000000 10000000 01111111 01111110 10000000 00000000 00000000
 00000000 10000000 10000000 01111111 01111110 10000000 00000000 00000000
 00000000 10000000 10000000 01111111 01111110 10000000 00000000 00000000
 00000000 10000000 10000000 01111111 01111110 10000000 00000000 00000000
 00000000 10000000 10000000 01111111 01111110 10000000 00000000 00000000
 00000000 10000000 10000000 01111111 01111110 10000000 00000000 00000000
