 00000000 10000000 01111111 01111111 10000000 10000000 00000000 00000000
 00000000 10000000 01111111 01111111 10000000 10000000 00000000 00000000
 00000000 10000000 01111111 01111111 10000000 10000000 00000000 00000000
 00000000 10000000 01111111 01111111 10000000 10000000 00000000 00000000
 00000000 10000000 01111111 01111111 10000000 10000000 00000000 00000000
 00000000 10000000 01111111 01111111 10000000 10000000 00000000 00000000
 00000000 10000000 01111111 01111111 10000000 10000000 00000000 00000000
 00000000 10000000 01111111 01111111 10000000 10000000 00000000 00000000
 00000000 10000000 01111111 01111111 10000000 10000000 00000000 00000000
 00000000 10000000 01111111 01111111 10000000 10000000 00000000 00000000
 00000000 10000000 01111111 01111111 10000000 10000000 00000000 00000000
 00000000 10000000 01111111 01111111 10000000 10000000 00000000 00000000
 00000000 10000000 01111111 01111111 10000000 10000000 00000000 00000000
 00000000 10000000 01111111 01111111 10000000 10000000 00000000 00000000
 00000000 10000000 01111111 01111111 10000000 10000000 00000000 00000000
 00000000 10000000 01111111 01111111 10000000 10000000 00000000 00000000
 00000000 10000000 01111111 01111111 10000000 10000000 00000000 00000000
 00000000 10000000 01111111 01111111 10000000 10000000 00000000 00000000
 00000000 10000000 01111111 01111111 10000000 10000000 00000000 00000000
 00000000 10000000 01111111 01111111 10000000 10000000 00000000 00000000
 00000000 10000000 01111111 01111111 10000000 10000000 00000000 00000000
 00000000 10000000 01111111 01111111 10000000 10000000 00000000 00000000
 00000000 10000000 01111111 01111111 10000000 10000000 00000000 00000000
 00000000 10000000 01111111 01111111 10000000 10000000 00000000 00000000
 00000000 10000000 01111111 01111111 10000000 10000000 00000000 00000000
 00000000 10000000 01111111 01111111 10000000 10000000 00000000 00000000
 00000000 10000000 01111111 01111111 10000000 10000000 00000000 00000000
 00000000 10000000 01111111 01111111 10000000 10000000 00000000 00000000
 00000000 10000000 01111111 01111111 10000000 10000000 00000000 00000000
 00000000 10000000 01111111 01111111 10000000 10000000 00000000 00000000
 00000000 10000000 01111111 01111111 10000000 10000000 00000000 00000000
 00000000 10000000 01111111 01111111 10000000 10000000 00000000 00000000
 00000000 10000000 01111111 01111111 10000000 10000000 00000000 00000000
 00000000 10000000 01111111 01111111 10000000 10000000 00000000 00000000
 00000000 10000000 01111111 01111111 10000000 10000000 00000000 00000000
 00000000 10000000 01111111 01111111 10000000 10000000 00000000 00000000
 00000000 10000000 01111111 01111111 10000000 10000000 00000000 00000000
 00000000 10000000 01111111 01111111 10000000 10000000 00000000 00000000
 00000000 10000000 01111111 01111111 10000000 10000000 00000000 00000000
 00000000 10000000 01111111 01111111 10000000 10000000 00000000 00000000
 00000000 10000000 01111111 01111111 10000000 10000000 00000000 00000000
 00000000 10000000 01111111 01111111 10000000 10000000 00000000 00000000
 00000000 10000000 01111111 01111111 10000000 10000000 00000000 00000000
 00000000 10000000 01111111 01111111 10000000 10000000 00000000 00000000
 00000000 10000000 01111111 01111111 10000000 10000000 00000000 00000000
 00000000 10000000 01111111 01111111 10000000 10000000 00000000 00000000
 00000000 10000000 01111111 01111111 10000000 10000000 00000000 00000000
 00000000 10000000 01111111 01111111 10000000 10000000 00000000 00000000
 00000000 10000000 01111111 01111111 10000000 10000000 00000000 00000000
 00000000 10000000 01111111 01111111 10000000 10000000 00000000 00000000
 00000000 10000000 01111111 01111111 10000000 10000000 00000000 00000000
 00000000 10000000 01111111 01111111 10000000 10000000 00000000 00000000
 00000000 10000000 01111111 01111111 10000000 10000000 00000000 00000000
 00000000 10000000 01111111 01111111 10000000 10000000 00000000 00000000
 00000000 10000000 01111111 01111111 10000000 10000000 00000000 00000000
 00000000 10000000 01111111 01111111 10000000 10000000 00000000 00000000
 00000000 10000000 01111111 01111111 10000000 10000000 00000000 00000000
 00000000 10000000 01111111 01111111 10000000 10000000 00000000 00000000
 00000000 10000000 01111111 01111111 10000000 10000000 00000000 00000000
 00000000 10000000 01111111 01111111 10000000 10000000 00000000 00000000
 00000000 10000000 01111111 01111111 10000000 10000000 00000000 00000000
 00000000 10000000 01111111 01111111 10000000 10000000 00000000 00000000
 00000000 10000000 01111111 01111111 10000000 10000000 00000000 00000000
 00000000 10000000 01111111 01111111 10000000 10000000 00000000 00000000
 00000000 10000000 01111111 01111111 10000000 10000000 00000000 00000000
 00000000 10000000 01111111 01111111 10000000 10000000 00000000 00000000
 00000000 10000000 01111111 01111111 10000000 10000000 00000000 00000000
 00000000 10000000 01111111 01111111 10000000 10000000 00000000 00000000
 00000000 10000000 01111111 01111111 10000000 10000000 00000000 00000000
 00000000 10000000 01111111 01111111 10000000 10000000 00000000 00000000
 00000000 10000000 01111111 01111111 10000000 10000000 00000000 00000000
 00000000 10000000 01111111 01111111 10000000 10000000 00000000 00000000
 00000000 10000000 01111111 01111111 10000000 10000000 00000000 00000000
 00000000 10000000 01111111 01111111 10000000 10000000 00000000 00000000
 00000000 10000000 01111111 01111111 10000000 10000000 00000000 00000000
 00000000 10000000 01111111 01111111 10000000 10000000 00000000 00000000
 00000000 10000000 01111111 01111111 10000000 10000000 00000000 00000000
 00000000 10000000 01111111 01111111 10000000 10000000 00000000 00000000
 00000000 10000000 01111111 01111111 10000000 10000000 00000000 00000000
 00000000 10000000 01111111 01111111 10000000 10000000 00000000 00000000
 00000000 10000000 01111111 01111111 10000000 10000000 00000000 00000000
 00000000 10000000 01111111 01111111 10000000 10000000 00000000 00000000
 00000000 10000000 01111111 01111111 10000000 10000000 00000000 00000000
 00000000 10000000 01111111 01111111 10000000 10000000 00000000 00000000
 00000000 10000000 01111111 01111111 10000000 10000000 00000000 00000000
 00000000 10000000 01111111 01111111 10000000 10000000 00000000 00000000
 00000000 10000000 01111111 01111111 10000000 10000000 00000000 00000000
 00000000 10000000 01111111 01111111 10000000 10000000 00000000 00000000
 00000000 10000000 01111111 01111111 10000000 10000000 00000000 00000000
 00000000 10000000 01111111 01111111 10000000 10000000 00000000 00000000
 00000000 10000000 01111111 01111111 10000000 10000000 00000000 00000000
 00000000 10000000 01111111 01111111 10000000 10000000 00000000 00000000
 00000000 10000000 01111111 01111111 10000000 10000000 00000000 00000000
 00000000 10000000 01111111 01111111 10000000 10000000 00000000 00000000
 00000000 10000000 01111111 01111111 10000000 10000000 00000000 00000000
 00000000 10000000 01111111 01111111 10000000 10000000 00000000 00000000
 00000000 10000000 01111111 01111111 10000000 10000000 00000000 00000000
 00000000 10000000 01111111 01111111 10000000 10000000 00000000 00000000
 00000000 10000000 01111111 01111111 10000000 10000000 00000000 00000000
 00000000 10000000 01111111 01111111 10000000 10000000 00000000 00000000
 00000000 10000000 01111111 01111111 10000000 10000000 00000000 00000000
 00000000 10000000 01111111 01111111 10000000 10000000 00000000 00000000
 00000000 10000000 01111111 01111111 10000000 10000000 00000000 00000000
 00000000 10000000 01111111 01111111 10000000 10000000 00000000 00000000
 00000000 10000000 01111111 01111111 10000000 10000000 00000000 00000000
 00000000 10000000 01111111 01111111 10000000 10000000 00000000 00000000
 00000000 10000000 01111111 01111111 10000000 10000000 00000000 00000000
 00000000 10000000 01111111 01111111 10000000 10000000 00000000 00000000
 00000000 10000000 01111111 01111111 10000000 10000000 00000000 00000000
 00000000 10000000 01111111 01111111 10000000 10000000 00000000 00000000
 00000000 10000000 01111111 01111111 10000000 10000000 00000000 00000000
 00000000 10000000 01111111 01111111 10000000 10000000 00000000 00000000
 00000000 10000000 01111111 01111111 10000000 10000000 00000000 00000000
 00000000 10000000 01111111 01111111 10000000 10000000 00000000 00000000
 00000000 10000000 01111111 01111111 10000000 10000000 00000000 00000000
 00000000 10000000 01111111 01111111 10000000 10000000 00000000 00000000
 00000000 10000000 01111111 01111111 10000000 10000000 00000000 00000000
 00000000 10000000 01111111 01111111 10000000 10000000 00000000 00000000
 00000000 10000000 01111111 01111111 10000000 10000000 00000000 00000000
 00000000 10000000 01111111 01111111 10000000 10000000 00000000 00000000
 00000000 10000000 01111111 01111111 10000000 10000000 00000000 00000000
 00000000 10000000 01111111 01111111 10000000 10000000 00000000 00000000
 00000000 10000000 01111111 01111111 10000000 10000000 00000000 00000000
 00000000 10000000 01111111 01111111 10000000 10000000 00000000 00000000
 00000000 10000000 01111111 01111111 10000000 10000000 00000000 00000000
 00000000 10000000 01111111 01111111 10000000 10000000 00000000 00000000
 00000000 10000000 01111111 01111111 10000000 10000000 00000000 00000000
 00000000 10000000 01111111 01111111 10000000 10000000 00000000 00000000
 00000000 10000000 01111111 01111111 10000000 10000000 00000000 00000000
 00000000 10000000 01111111 01111111 10000000 10000000 00000000 00000000
 00000000 10000000 01111111 01111111 10000000 10000000 00000000 00000000
 00000000 10000000 01111111 01111111 10000000 10000000 00000000 00000000
 00000000 10000000 01111111 01111111 10000000 10000000 00000000 00000000
 00000000 10000000 01111111 01111111 10000000 10000000 00000000 00000000
 00000000 10000000 01111111 01111111 10000000 10000000 00000000 00000000
 00000000 10000000 01111111 01111111 10000000 10000000 00000000 00000000
 00000000 10000000 01111111 01111111 10000000 10000000 00000000 00000000
 00000000 10000000 01111111 01111111 10000000 10000000 00000000 00000000
 00000000 10000000 01111111 01111111 10000000 10000000 00000000 00000000
 00000000 10000000 01111111 01111111 10000000 10000000 00000000 00000000
 00000000 10000000 01111111 01111111 10000000 10000000 00000000 00000000
 00000000 10000000 01111111 01111111 10000000 10000000 00000000 00000000
 00000000 10000000 01111111 01111111 10000000 10000000 00000000 00000000
 00000000 10000000 01111111 01111111 10000000 10000000 00000000 00000000
 00000000 10000000 01111111 01111111 10000000 10000000 00000000 00000000
 00000000 10000000 01111111 01111111 10000000 10000000 00000000 00000000
 00000000 10000000 01111111 01111111 10000000 10000000 00000000 00000000
 00000000 10000000 01111111 01111111 10000000 10000000 00000000 00000000
 00000000 10000000 01111111 01111111 10000000 10000000 00000000 00000000
 00000000 10000000 01111111 01111111 10000000 10000000 00000000 00000000
 00000000 10000000 01111111 01111111 10000000 10000000 00000000 00000000
 00000000 10000000 01111111 01111111 10000000 10000000 00000000 00000000
 00000000 10000000 01111111 01111111 10000000 10000000 00000000 00000000
 00000000 10000000 01111111 01111111 10000000 10000000 00000000 00000000
 00000000 10000000 01111111 01111111 10000000 10000000 00000000 00000000
 00000000 10000000 01111111 01111111 10000000 10000000 00000000 00000000
 00000000 10000000 01111111 01111111 10000000 10000000 00000000 00000000
 00000000 10000000 01111111 01111111 10000000 10000000 00000000 00000000
 00000000 10000000 01111111 01111111 10000000 10000000 00000000 00000000
 00000000 10000000 01111111 01111111 10000000 10000000 00000000 00000000
 00000000 10000000 01111111 01111111 10000000 10000000 00000000 00000000
 00000000 10000000 01111111 01111111 10000000 10000000 00000000 00000000
 00000000 10000000 01111111 01111111 10000000 10000000 00000000 00000000
 00000000 10000000 01111111 01111111 10000000 10000000 00000000 00000000
 00000000 10000000 01111111 01111111 10000000 10000000 00000000 00000000
 00000000 10000000 01111111 01111111 10000000 10000000 00000000 00000000
 00000000 10000000 01111111 01111111 10000000 10000000 00000000 00000000
 00000000 10000000 01111111 01111111 10000000 10000000 00000000 00000000
 00000000 10000000 01111111 01111111 10000000 10000000 00000000 00000000
 00000000 10000000 01111111 01111111 10000000 10000000 00000000 00000000
 00000000 10000000 01111111 01111111 10000000 10000000 00000000 00000000
 00000000 10000000 01111111 01111111 10000000 10000000 00000000 00000000
 00000000 10000000 01111111 01111111 10000000 10000000 00000000 00000000
 00000000 10000000 01111111 01111111 10000000 10000000 00000000 00000000
 00000000 10000000 01111111 01111111 10000000 10000000 00000000 00000000
 00000000 10000000 01111111 01111111 10000000 10000000 00000000 00000000
 00000000 10000000 01111111 01111111 10000000 10000000 00000000 00000000
 00000000 10000000 01111111 01111111 10000000 10000000 00000000 00000000
 00000000 10000000 01111111 01111111 10000000 10000000 00000000 00000000
 00000000 10000000 01111111 01111111 10000000 10000000 00000000 00000000
 00000000 10000000 01111111 01111111 10000000 10000000 00000000 00000000
 00000000 10000000 01111111 01111111 10000000 10000000 00000000 00000000
 00000000 10000000 01111111 01111111 10000000 10000000 00000000 00000000
 00000000 10000000 01111111 01111111 10000000 10000000 00000000 00000000
 00000000 10000000 01111111 01111111 10000000 10000000 00000000 00000000
 00000000 10000000 01111111 01111111 10000000 10000000 00000000 00000000
 00000000 10000000 01111111 01111111 10000000 10000000 00000000 00000000
 00000000 10000000 01111111 01111111 10000000 10000000 00000000 00000000
 00000000 10000000 01111111 01111111 10000000 10000000 00000000 00000000
 00000000 10000000 01111111 01111111 10000000 10000000 00000000 00000000
 00000000 10000000 01111111 01111111 10000000 10000000 00000000 00000000
 00000000 10000000 01111111 01111111 10000000 10000000 00000000 00000000
 00000000 10000000 01111111 01111111 10000000 10000000 00000000 00000000
 00000000 10000000 01111111 01111111 10000000 10000000 00000000 00000000
 00000000 10000000 01111111 01111111 10000000 10000000 00000000 00000000
 00000000 10000000 01111111 01111111 10000000 10000000 00000000 00000000
 00000000 10000000 01111111 01111111 10000000 10000000 00000000 00000000
 00000000 10000000 01111111 01111111 10000000 10000000 00000000 00000000
 00000000 10000000 01111111 01111111 10000000 10000000 00000000 00000000
 00000000 10000000 01111111 01111111 10000000 10000000 00000000 00000000
 00000000 10000000 01111111 01111111 10000000 10000000 00000000 00000000
 00000000 10000000 01111111 01111111 10000000 10000000 00000000 00000000
 00000000 10000000 01111111 01111111 10000000 10000000 00000000 00000000
 00000000 10000000 01111111 01111111 10000000 10000000 00000000 00000000
 00000000 10000000 01111111 01111111 10000000 10000000 00000000 00000000
 00000000 10000000 01111111 01111111 10000000 10000000 00000000 00000000
 00000000 10000000 01111111 01111111 10000000 10000000 00000000 00000000
 00000000 10000000 01111111 01111111 10000000 10000000 00000000 00000000
 00000000 10000000 01111111 01111111 10000000 10000000 00000000 00000000
 00000000 10000000 01111111 01111111 10000000 10000000 00000000 00000000
 00000000 10000000 01111111 01111111 10000000 10000000 00000000 00000000
 00000000 10000000 01111111 01111111 10000000 10000000 00000000 00000000
 00000000 10000000 01111111 01111111 10000000 10000000 00000000 00000000
 00000000 10000000 01111111 01111111 10000000 10000000 00000000 00000000
 00000000 10000000 01111111 01111111 10000000 10000000 00000000 00000000
 00000000 10000000 01111111 01111111 10000000 10000000 00000000 00000000
 00000000 10000000 01111111 01111111 10000000 10000000 00000000 00000000
 00000000 10000000 01111111 01111111 10000000 10000000 00000000 00000000
 00000000 10000000 01111111 01111111 10000000 10000000 00000000 00000000
 00000000 10000000 01111111 01111111 10000000 10000000 00000000 00000000
 00000000 10000000 01111111 01111111 10000000 10000000 00000000 00000000
 00000000 10000000 01111111 01111111 10000000 10000000 00000000 00000000
 00000000 10000000 01111111 01111111 10000000 10000000 00000000 00000000
 00000000 10000000 01111111 01111111 10000000 10000000 00000000 00000000
 00000000 10000000 01111111 01111111 10000000 10000000 00000000 00000000
 00000000 10000000 01111111 01111111 10000000 10000000 00000000 00000000
 00000000 10000000 01111111 01111111 10000000 10000000 00000000 00000000
 00000000 10000000 01111111 01111111 10000000 10000000 00000000 00000000
 00000000 10000000 01111111 01111111 10000000 10000000 00000000 00000000
 00000000 10000000 01111111 01111111 10000000 10000000 00000000 00000000
 00000000 10000000 01111111 01111111 10000000 10000000 00000000 00000000
 00000000 10000000 01111111 01111111 10000000 10000000 00000000 00000000
 00000000 10000000 01111111 01111111 10000000 10000000 00000000 00000000
 00000000 10000000 01111111 01111111 10000000 10000000 00000000 00000000
 00000000 10000000 01111111 01111111 10000000 10000000 00000000 00000000
 00000000 10000000 01111111 01111111 10000000 10000000 00000000 00000000
 00000000 10000000 01111111 01111111 10000000 10000000 00000000 00000000
 00000000 10000000 01111111 01111111 10000000 10000000 00000000 00000000
 00000000 10000000 01111111 01111111 10000000 10000000 00000000 00000000
 00000000 10000000 01111111 01111111 10000000 10000000 00000000 00000000
 00000000 10000000 01111111 01111111 10000000 10000000 00000000 00000000
 00000000 10000000 01111111 01111111 10000000 10000000 00000000 00000000
 00000000 10000000 01111111 01111111 10000000 10000000 00000000 00000000
 00000000 10000000 01111111 01111111 10000000 10000000 00000000 00000000
 00000000 10000000 01111111 01111111 10000000 10000000 00000000 00000000
 00000000 10000000 01111111 01111111 10000000 10000000 00000000 00000000
 00000000 10000000 01111111 01111111 10000000 10000000 00000000 00000000
 00000000 10000000 01111111 01111111 10000000 10000000 00000000 00000000
 00000000 10000000 01111111 01111111 10000000 10000000 00000000 00000000
 00000000 10000000 01111111 01111111 10000000 10000000 00000000 00000000
 00000000 10000000 01111111 01111111 10000000 10000000 00000000 00000000
 00000000 10000000 01111111 01111111 10000000 10000000 00000000 00000000
 00000000 10000000 01111111 01111111 10000000 10000000 00000000 00000000
 00000000 10000000 01111111 01111111 10000000 10000000 00000000 00000000
 00000000 10000000 01111111 01111111 10000000 10000000 00000000 00000000
 00000000 10000000 01111111 01111111 10000000 10000000 00000000 00000000
 00000000 10000000 01111111 01111111 10000000 10000000 00000000 00000000
 00000000 10000000 01111111 01111111 10000000 10000000 00000000 00000000
 00000000 10000000 01111111 01111111 10000000 10000000 00000000 00000000
 00000000 10000000 01111111 01111111 10000000 10000000 00000000 00000000
 00000000 10000000 01111111 01111111 10000000 10000000 00000000 00000000
 00000000 10000000 01111111 01111111 10000000 10000000 00000000 00000000
 00000000 10000000 01111111 01111111 10000000 10000000 00000000 00000000
 00000000 10000000 01111111 01111111 10000000 10000000 00000000 00000000
 00000000 10000000 01111111 01111111 10000000 10000000 00000000 00000000
 00000000 10000000 01111111 01111111 10000000 10000000 00000000 00000000
 00000000 10000000 01111111 01111111 10000000 10000000 00000000 00000000
 00000000 10000000 01111111 01111111 10000000 10000000 00000000 00000000
 00000000 10000000 01111111 01111111 10000000 10000000 00000000 00000000
 00000000 10000000 01111111 01111111 10000000 10000000 00000000 00000000
 00000000 10000000 01111111 01111111 10000000 10000000 00000000 00000000
 00000000 10000000 01111111 01111111 10000000 10000000 00000000 00000000
 00000000 10000000 01111111 01111111 10000000 10000000 00000000 00000000
 00000000 10000000 01111111 01111111 10000000 10000000 00000000 00000000
 00000000 10000000 01111111 01111111 10000000 10000000 00000000 00000000
 00000000 10000000 01111111 01111111 10000000 10000000 00000000 00000000
 00000000 10000000 01111111 01111111 10000000 10000000 00000000 00000000
 00000000 10000000 01111111 01111111 10000000 10000000 00000000 00000000
 00000000 10000000 01111111 01111111 10000000 10000000 00000000 00000000
 00000000 10000000 01111111 01111111 10000000 10000000 00000000 00000000
 00000000 10000000 01111111 01111111 10000000 10000000 00000000 00000000
 00000000 10000000 01111111 01111111 10000000 10000000 00000000 00000000
 00000000 10000000 01111111 01111111 10000000 10000000 00000000 00000000
 00000000 10000000 01111111 01111111 10000000 10000000 00000000 00000000
 00000000 10000000 01111111 01111111 10000000 10000000 00000000 00000000
 00000000 10000000 01111111 01111111 10000000 10000000 00000000 00000000
 00000000 10000000 01111111 01111111 10000000 10000000 00000000 00000000
 00000000 10000000 01111111 01111111 10000000 10000000 00000000 00000000
 00000000 10000000 01111111 10000011 10000000 10000000 00000000 00000000
 00000000 10000000 01111111 10000101 10000000 10000000 00000000 00000000
 00000000 10000000 01111111 10000111 10000000 10000000 00000000 00000000
 00000000 10000000 01111111 10001000 10000000 10000000 00000000 00000000
 00000000 10000000 01111111 10001001 10000000 10000000 00000000 00000000
 00000000 10000000 01111111 10001010 10000000 10000000 00000000 00000000
 00000000 10000000 01111111 10001010 10000000 10000000 00000000 00000000
 00000000 10000000 01111111 10001010 10000000 10000000 00000000 00000000
 00000000 10000000 01111111 10001010 10000000 10000000 00000000 00000000
 00000000 10000000 01111111 10001010 10000000 10000000 00000000 00000000
 00000000 10000000 01111111 10001010 10000000 10000000 00000000 00000000
 00000000 10000000 01111111 10001010 10000000 10000000 00000000 00000000
 00000000 10000000 01111111 10001010 10000000 10000000 00000000 00000000
 00000000 10000000 01111111 10001010 10000000 10000000 00000000 00000000
 00000000 10000000 01111111 10001010 10000000 10000000 00000000 00000000
 00000000 10000000 01111111 10001010 10000000 10000000 00000000 00000000
 00000000 10000000 01111111 10001010 10000000 10000000 00000000 00000000
 00000000 10000000 01111111 10001010 10000000 10000000 00000000 00000000
 00000000 10000000 01111111 10001010 10000000 10000000 00000000 00000000
 00000000 10000000 01111111 10001010 10000000 10000000 00000000 00000000
 00000000 10000000 01111111 10001010 10000000 10000000 00000000 00000000
 00000000 10000000 01111111 10001010 10000000 10000000 00000000 00000000
 00000000 10000000 01111111 10001010 10000000 10000000 00000000 00000000
 00000000 10000000 01111111 10001010 10000000 10000000 00000000 00000000
 00000000 10000000 01111111 10001010 10000000 10000000 00000000 00000000
 00000000 10000000 01111111 10001010 10000000 10000000 00000000 00000000
 00000000 10000000 01111111 10001010 10000000 10000000 00000000 00000000
 00000000 10000000 01111111 10001010 10000000 10000000 00000000 00000000
 00000000 10000000 01111111 10001010 10000000 10000000 00000000 00000000
 00000000 10000000 01111111 10001010 10000000 10000000 00000000 00000000
 00000000 10000000 01111111 10001010 10000000 10000000 00000000 00000000
 00000000 10000000 01111111 10001010 10000000 10000000 00000000 00000000
 00000000 10000000 01111111 10001010 10000000 10000000 00000000 00000000
 00000000 10000000 01111111 10001010 10000000 10000000 00000000 00000000
 00000000 10000000 01111111 10001010 10000000 10000000 00000000 00000000
 00000000 10000000 01111111 10001010 10000000 10000000 00000000 00000000
 00000000 10000000 01111111 10001010 10000000 10000000 00000000 00000000
 00000000 10000000 01111111 10001010 10000000 10000000 00000000 00000000
 00000000 10000000 01111111 10001010 10000000 10000000 00000000 00000000
 00000000 10000000 01111111 10001101 10000000 10000000 00000000 00000000
 00000000 10000000 01111111 10010001 10000000 10000000 00000000 00000000
 00000000 10000000 01111111 10010010 10000000 10000000 00000000 00000000
 00000000 10000000 01111111 10010100 10000000 10000000 00000000 00000000
 00000000 10000000 01111111 10010101 10000000 10000000 00000000 00000000
 00000000 10000000 01111111 10010111 10000000 10000000 00000000 00000000
 00000000 10000000 01111111 10010111 10000000 10000000 00000000 00000000
 00000000 10000000 01111111 10010111 10000000 10000000 00000000 00000000
 00000000 10000000 01111111 10011000 10000000 10000000 00000000 00000000
 00000000 10000000 01111111 10011000 10000000 10000000 00000000 00000000
 00000000 10000000 01111111 10011000 10000000 10000000 00000000 00000000
 00000000 10000000 01111111 10011000 10000000 10000000 00000000 00000000
 00000000 10000000 01111111 10011000 10000000 10000000 00000000 00000000
 00000000 10000000 01111111 10011000 10000000 10000000 00000000 00000000
 00000000 10000000 01111111 10011000 10000000 10000000 00000000 00000000
 00000000 10000000 01111111 10011000 10000000 10000000 00000000 00000000
 00000000 10000000 01111111 10011000 10000000 10000000 00000000 00000000
 00000000 10000000 01111111 10011000 10000000 10000000 00000000 00000000
 00000000 10000000 01111111 10011000 10000000 10000000 00000000 00000000
 00000000 10000000 01111111 10011000 10000000 10000000 00000000 00000000
 00000000 10000000 01111111 10011000 10000000 10000000 00000000 00000000
 00000000 10000000 01111111 10011000 10000000 10000000 00000000 00000000
 00000000 10000000 01111111 10011000 10000000 10000000 00000000 00000000
 00000000 10000000 01111111 10011000 10000000 10000000 00000000 00000000
 00000000 10000000 01111111 10011000 10000000 10000000 00000000 00000000
 00000000 10000000 01111111 10011000 10000000 10000000 00000000 00000000
 00000000 10000000 01111111 10011000 10000000 10000000 00000000 00000000
 00000000 10000000 01111111 10011000 10000000 10000000 00000000 00000000
 00000000 10000000 01111111 10011000 10000000 10000000 00000000 00000000
 00000000 10000000 01111111 10011000 10000000 10000000 00000000 00000000
 00000000 10000000 01111111 10011000 10000000 10000000 00000000 00000000
 00000000 10000000 01111111 10011000 10000000 10000000 00000000 00000000
 00000000 10000000 01111111 10011000 10000000 10000000 00000000 00000000
 00000000 10000000 01111111 10011000 10000000 10000000 00000000 00000000
 00000000 10000000 01111111 10011000 10000000 10000000 00000000 00000000
 00000000 10000000 01111111 10011000 10000000 10000000 00000000 00000000
 00000000 10000000 01111111 10011000 10000000 10000000 00000000 00000000
 00000000 10000000 01111111 10011000 10000000 10000000 00000000 00000000
 00000000 10000000 01111111 10011000 10000000 10000000 00000000 00000000
 00000000 10000000 01111111 10011001 10000000 10000000 00000000 00000000
 00000000 10000000 01111111 10011010 10000000 10000000 00000000 00000000
 00000000 10000000 01111111 10011011 10000000 10000000 00000000 00000000
 00000000 10000000 01111111 10011100 10000000 10000000 00000000 00000000
 00000000 10000000 01111111 10011100 10000000 10000000 00000000 00000000
 00000000 10000000 01111111 10011100 10000000 10000000 00000000 00000000
 00000000 10000000 01111111 10011100 10000000 10000000 00000000 00000000
 00000000 10000000 01111111 10011100 10000000 10000000 00000000 00000000
 00000000 10000000 01111111 10011100 10000000 10000000 00000000 00000000
 00000000 10000000 01111111 10011100 10000000 10000000 00000000 00000000
 00000000 10000000 01111111 10011100 10000000 10000000 00000000 00000000
 00000000 10000000 01111111 10011100 10000000 10000000 00000000 00000000
 00000000 10000000 01111111 10011100 10000000 10000000 00000000 00000000
 00000000 10000000 01111111 10011100 10000000 10000000 00000000 00000000
 00000000 10000000 01111111 10011100 10000000 10000000 00000000 00000000
 00000000 10000000 01111111 10011100 10000000 10000000 00000000 00000000
 00000000 10000000 01111111 10011100 10000000 10000000 00000000 00000000
 00000000 10000000 01111111 10011100 10000000 10000000 00000000 00000000
 00000000 10000000 01111111 10011100 10000000 10000000 00000000 00000000
 00000000 10000000 01111111 10011100 10000000 10000000 00000000 00000000
 00000000 10000000 01111111 10011100 10000000 10000000 00000000 00000000
 00000000 10000000 01111111 10011100 10000000 10000000 00000000 00000000
 00000000 10000000 01111111 10011100 10000000 10000000 00000000 00000000
 00000000 10000000 01111111 10011100 10000000 10000000 00000000 00000000
 00000000 10000000 01111111 10011100 10000000 10000000 00000000 00000000
 00000000 10000000 01111111 10011100 10000000 10000000 00000000 00000000
 00000000 10000000 01111111 10011100 10000000 10000000 00000000 00000000
 00000000 10000000 01111111 10011100 10000000 10000000 00000000 00000000
 00000000 10000000 01111111 10011100 10000000 10000000 00000000 00000000
 00000000 10000000 01111111 10011101 10000000 10000000 00000000 00000000
 00000000 10000000 01111111 10011101 10000000 10000000 00000000 00000000
 00000000 10000000 01111111 10011101 10000000 10000000 00000000 00000000
 00000000 10000000 01111111 10011101 10000000 10000000 00000000 00000000
 00000000 10000000 01111111 10011110 10000000 10000000 00000000 00000000
 00000000 10000000 01111111 10011111 10000000 10000000 00000000 00000000
 00000000 10000000 01111111 10100000 10000000 10000000 00000000 00000000
 00000000 10000000 01111111 10100010 10000000 10000000 00000000 00000000
 00000000 10000000 01111111 10100101 10000000 10000000 00000000 00000000
 00000000 10000000 01111111 10100111 10000000 10000000 00000000 00000000
 00000000 10000000 01111111 10101000 10000000 10000000 00000000 00000000
 00000000 10000000 01111111 10101001 10000000 10000000 00000000 00000000
 00000000 10000000 01111111 10101010 10000000 10000000 00000000 00000000
 00000000 10000000 01111111 10101011 10000000 10000000 00000000 00000000
 00000000 10000000 01111111 10101100 10000000 10000000 00000000 00000000
 00000000 10000000 01111111 10101101 10000000 10000000 00000000 00000000
 00000000 10000000 01111111 10101101 10000000 10000000 00000000 00000000
 00000000 10000000 01111111 10101110 10000000 10000000 00000000 00000000
 00000000 10000000 01111111 10101111 10000000 10000000 00000000 00000000
 00000000 10000000 01111111 10101111 10000000 10000000 00000000 00000000
 00000000 10000000 01111111 10110000 10000000 10000000 00000000 00000000
 00000000 10000000 01111111 10110000 10000000 10000000 00000000 00000000
 00000000 10000000 01111111 10110000 10000000 10000000 00000000 00000000
 00000000 10000000 01111111 10110000 10000000 10000000 00000000 00000000
 00000000 10000000 01111111 10110000 10000000 10000000 00000000 00000000
 00000000 10000000 01111111 10110000 10000000 10000000 00000000 00000000
 00000000 10000000 01111111 10110000 10000000 10000000 00000000 00000000
 00000000 10000000 01111111 10110000 10000000 10000000 00000000 00000000
 00000000 10000000 01111111 10110000 10000000 10000000 00000000 00000000
 00000000 10000000 01111111 10110000 10000000 10000000 00000000 00000000
 00000000 10000000 01111111 10110000 10000000 10000000 00000000 00000000
 00000000 10000000 01111111 10110000 10000000 10000000 00000000 00000000
 00000000 10000000 01111111 10110000 10000000 10000000 00000000 00000000
 00000000 10000000 01111111 10110000 10000000 10000000 00000000 00000000
 00000000 10000000 01111111 10110000 10000000 10000000 00000000 00000000
 00000000 10000000 01111111 10110000 10000000 10000000 00000000 00000000
 00000000 10000000 01111111 10110000 10000000 10000000 00000000 00000000
 00000000 10000000 01111111 10110000 10000000 10000000 00000000 00000000
 00000000 10000000 01111111 10110000 10000000 10000000 00000000 00000000
 00000000 10000000 01111111 10110000 10000000 10000000 00000000 00000000
 00000000 10000000 01111111 10110000 10000000 10000000 00000000 00000000
 00000000 10000000 01111111 10110000 10000000 10000000 00000000 00000000
 00000000 10000000 01111111 10110000 10000000 10000000 00000000 00000000
 00000000 10000000 01111111 10110000 10000000 10000000 00000000 00000000
 00000000 10000000 01111111 10110000 10000000 10000000 00000000 00000000
 00000000 10000000 01111111 10110000 10000000 10000000 00000000 00000000
 00000000 10000000 01111111 10110000 10000000 10000000 00000000 00000000
 00000000 10000000 01111111 10110000 10000000 10000000 00000000 00000000
 00000000 10000000 01111111 10110000 10000000 10000000 00000000 00000000
 00000000 10000000 01111111 10110000 10000000 10000000 00000000 00000000
 00000000 10000000 01111111 10110000 10000000 10000000 00000000 00000000
 00000000 10000000 01111111 10110010 10000000 10000000 00000000 00000000
 00000000 10000000 01111111 10110011 10000000 10000000 00000000 00000000
 00000000 10000000 01111111 10110011 10000000 10000000 00000000 00000000
 00000000 10000000 01111111 10110011 10000000 10000000 00000000 00000000
 00000000 10000000 01111111 10110011 10000000 10000000 00000000 00000000
 00000000 10000000 01111111 10110011 10000000 10000000 00000000 00000000
 00000000 10000000 01111111 10110011 10000000 10000000 00000000 00000000
 00000000 10000000 01111111 10110011 10000000 10000000 00000000 00000000
 00000000 10000000 01111111 10110100 10000000 10000000 00000000 00000000
 00000000 10000000 01111111 10110100 10000000 10000000 00000000 00000000
 00000000 10000000 01111111 10110100 10000000 10000000 00000000 00000000
 00000000 10000000 01111111 10110100 10000000 10000000 00000000 00000000
 00000000 10000000 01111111 10110100 10000000 10000000 00000000 00000000
 00000000 10000000 01111111 10110100 10000000 10000000 00000000 00000000
 00000000 10000000 01111111 10110100 10000000 10000000 00000000 00000000
 00000000 10000000 01111111 10110100 10000000 10000000 00000000 00000000
 00000000 10000000 01111111 10110100 10000000 10000000 00000000 00000000
 00000000 10000000 01111111 10110100 10000000 10000000 00000000 00000000
 00000000 10000000 01111111 10110100 10000000 10000000 00000000 00000000
 00000000 10000000 01111111 10110100 10000000 10000000 00000000 00000000
 00000000 10000000 01111111 10110100 10000000 10000000 00000000 00000000
 00000000 10000000 01111111 10110100 10000000 10000000 00000000 00000000
 00000000 10000000 01111111 10110100 10000000 10000000 00000000 00000000
 00000000 10000000 01111111 10110100 10000000 10000000 00000000 00000000
 00000000 10000000 01111111 10110100 10000000 10000000 00000000 00000000
 00000000 10000000 01111111 10110100 10000000 10000000 00000000 00000000
 00000000 10000000 01111111 10110100 10000000 10000000 00000000 00000000
 00000000 10000000 01111111 10110100 10000000 10000000 00000000 00000000
 00000000 10000000 01111111 10110100 10000000 10000000 00000000 00000000
 00000000 10000000 01111111 10110110 10000000 10000000 00000000 00000000
 00000000 10000000 01111111 10110111 10000000 10000000 00000000 00000000
 00000000 10000000 01111111 10111000 10000000 10000000 00000000 00000000
 00000000 10000000 01111111 10111001 10000000 10000000 00000000 00000000
 00000000 10000000 01111111 10111010 10000000 10000000 00000000 00000000
 00000000 10000000 01111111 10111010 10000000 10000000 00000000 00000000
 00000000 10000000 01111111 10111011 10000000 10000000 00000000 00000000
 00000000 10000000 01111111 10111100 10000000 10000000 00000000 00000000
 00000000 10000000 01111111 10111101 10000000 10000000 00000000 00000000
 00000000 10000000 01111111 10111110 10000000 10000000 00000000 00000000
 00000000 10000000 01111111 10111110 10000000 10000000 00000000 00000000
 00000000 10000000 01111111 10111110 10000000 10000000 00000000 00000000
 00000000 10000000 01111111 10111110 10000000 10000000 00000000 00000000
 00000000 10000000 01111111 10111110 10000000 10000000 00000000 00000000
 00000000 10000000 01111111 10111110 10000000 10000000 00000000 00000000
 00000000 10000000 01111111 10111110 10000000 10000000 00000000 00000000
 00000000 10000000 01111111 10111110 10000000 10000000 00000000 00000000
 00000000 10000000 01111111 10111111 10000000 10000000 00000000 00000000
 00000000 10000000 01111111 10111111 10000000 10000000 00000000 00000000
 00000000 10000000 01111111 10111111 10000000 10000000 00000000 00000000
 00000000 10000000 01111111 10111111 10000000 10000000 00000000 00000000
 00000000 10000000 01111111 10111111 10000000 10000000 00000000 00000000
 00000000 10000000 01111111 10111111 10000000 10000000 00000000 00000000
 00000000 10000000 01111111 10111111 10000000 10000000 00000000 00000000
 00000000 10000000 01111111 10111111 10000000 10000000 00000000 00000000
 00000000 10000000 01111111 10111111 10000000 10000000 00000000 00000000
 00000000 10000000 01111111 10111111 10000000 10000000 00000000 00000000
 00000000 10000000 01111111 10111111 10000000 10000000 00000000 00000000
 00000000 10000000 01111111 10111111 10000000 10000000 00000000 00000000
 00000000 10000000 01111111 10111111 10000000 10000000 00000000 00000000
 00000000 10000000 01111111 10111111 10000000 10000000 00000000 00000000
 00000000 10000000 01111111 10111111 10000000 10000000 00000000 00000000
 00000000 10000000 01111111 11000000 10000000 10000000 00000000 00000000
 00000000 10000000 01111111 11000000 10000000 10000000 00000000 00000000
 00000000 10000000 01111111 11000100 10000000 10000000 00000000 00000000
 00000000 10000000 01111111 11010110 10000000 10000000 00000000 00000000
 00000000 10000000 01111111 11011000 10000000 10000000 00000000 00000000
 00000000 10000000 01111111 11011000 10000000 10000000 00000000 00000000
 00000000 10000000 01111111 11011000 10000000 10000000 00000000 00000000
 00000000 10000000 01111111 11100100 10000000 10000000 00000000 00000000
 00000000 10000000 01111111 11101000 10000000 10000000 00000000 00000000
 00000000 10000000 01111111 11101000 10000000 10000000 00000000 00000000
 00000000 10000000 01111111 11101000 10000000 10000000 00000000 00000000
 00000000 10000000 01111111 11101110 10000000 10000000 00000000 00000000
 00000000 10000000 01111111 11101110 10000000 10000000 00000000 00000000
 00000000 10000000 01111111 11101110 10000000 10000000 00000000 00000000
 00000000 10000000 01111111 11101110 10000000 10000000 00000000 00000000
 00000000 10000000 01111111 11101110 10000000 10000000 00000000 00000000
 00000000 10000000 01111111 11101110 10000000 10000000 00000000 00000000
 00000000 10000000 01111111 11101110 10000000 10000000 00000000 00000000
 00000000 10000000 01111111 11101110 10000000 10000000 00000000 00000000
 00000000 10000000 01111111 11101110 10000000 10000000 00000000 00000000
 00000000 10000000 01111111 11101110 10000000 10000000 00000000 00000000
 00000000 10000000 01111111 11101110 10000000 10000000 00000000 00000000
 00000000 10000000 01111111 11101110 10000000 10000000 00000000 00000000
 00000000 10000000 01111111 11101110 10000000 10000000 00000000 00000000
 00000000 10000000 01111111 11101110 10000000 10000000 00000000 00000000
 00000000 10000000 01111111 11101110 10000000 10000000 00000000 00000000
 00000000 10000000 01111111 11101110 10000000 10000000 00000000 00000000
 00000000 10000000 01111111 11101110 10000000 10000000 00000000 00000000
 00000000 10000000 01111111 11101110 10000000 10000000 00000000 00000000
 00000000 10000000 01111111 11101110 10000000 10000000 00000000 00000000
 00000000 10000000 01111111 11101110 10000000 10000000 00000000 00000000
 00000000 10000000 01111111 11101110 10000000 10000000 00000000 00000000
 00000000 10000000 01111111 11101110 10000000 10000000 00000000 00000000
 00000000 10000000 01111111 11101110 10000000 10000000 00000000 00000000
 00000000 10000000 01111111 11101110 10000000 10000000 00000000 00000000
 00000000 10000000 01111111 11101110 10000000 10000000 00000000 00000000
 00000000 10000000 01111111 11101110 10000000 10000000 00000000 00000000
 00000000 10000000 01111111 11101110 10000000 10000000 00000000 00000000
 00000000 10000000 01111111 11101110 10000000 10000000 00000000 00000000
 00000000 10000000 01111111 11101110 10000000 10000000 00000000 00000000
 00000000 10000000 01111111 11101110 10000000 10000000 00000000 00000000
 00000000 10000000 01111111 11101110 10000000 10000000 00000000 00000000
 00000000 10000000 01111111 11101110 10000000 10000000 00000000 00000000
 00000000 10000000 01111111 11101110 10000000 10000000 00000000 00000000
 00000000 10000000 01111111 11101110 10000000 10000000 00000000 00000000
 00000000 10000000 01111111 11101110 10000000 10000000 00000000 00000000
 00000000 10000000 01111111 11101110 10000000 10000000 00000000 00000000
 00000000 10000000 01111111 11101110 10000000 10000000 00000000 00000000
 00000000 10000000 01111111 11101110 10000000 10000000 00000000 00000000
 00000000 10000000 01111111 11101110 10000000 10000000 00000000 00000000
 00000000 10000000 01111111 11101110 10000000 10000000 00000000 00000000
 00000000 10000000 01111111 11101110 10000000 10000000 00000000 00000000
 00000000 10000000 01111111 11101110 10000000 10000000 00000000 00000000
 00000000 10000000 01111111 11101110 10000000 10000000 00000000 00000000
 00000000 10000000 01111111 11101110 10000000 10000000 00000000 00000000
 00000000 10000000 01111111 11101110 10000000 10000000 00000000 00000000
 00000000 10000000 01111111 11101110 10000000 10000000 00000000 00000000
 00000000 10000000 01111111 11101110 10000000 10000000 00000000 00000000
 00000000 10000000 01111111 11101110 10000000 10000000 00000000 00000000
 00000000 10000000 01111111 11101110 10000000 10000000 00000000 00000000
 00000000 10000000 01111111 11101110 10000000 10000000 00000000 00000000
 00000000 10000000 01111111 11101110 10000000 10000000 00000000 00000000
 00000000 10000000 01111111 11101110 10000000 10000000 00000000 00000000
 00000000 10000000 01111111 11101110 10000000 10000000 00000000 00000000
 00000000 10000000 01111111 11101110 10000000 10000000 00000000 00000000
 00000000 10000000 01111111 11101110 10000000 10000000 00000000 00000000
 00000000 10000000 01111111 11101110 10000000 10000000 00000000 00000000
 00000000 10000000 01111111 11101110 10000000 10000000 00000000 00000000
 00000000 10000000 01111111 11101110 10000000 10000000 00000000 00000000
 00000000 10000000 01111111 11101110 10000000 10000000 00000000 00000000
 00000000 10000000 01111111 11101110 10000000 10000000 00000000 00000000
 00000000 10000000 01111111 11101110 10000000 10000000 00000000 00000000
 00000000 10000000 01111111 11101110 10000000 10000000 00000000 00000000
 00000000 10000000 01111111 11101110 10000000 10000000 00000000 00000000
 00000000 10000000 01111111 11101110 10000000 10000000 00000000 00000000
 00000000 10000000 01111111 11101110 10000000 10000000 00000000 00000000
 00000000 10000000 01111111 11101110 10000000 10000000 00000000 00000000
 00000000 10000000 01111111 11101110 10000000 10000000 00000000 00000000
 00000000 10000000 01111111 11101110 10000000 10000000 00000000 00000000
 00000000 10000000 01111111 11101110 10000000 10000000 00000000 00000000
 00000000 10000000 01111111 11101110 10000000 10000000 00000000 00000000
 00000000 10000000 01111111 11101110 10000000 10000000 00000000 00000000
 00000000 10000000 01111111 11101110 10000000 10000000 00000000 00000000
 00000000 10000000 01111111 11101110 10000000 10000000 00000000 00000000
 00000000 10000000 01111111 11101110 10000000 10000000 00000000 00000000
 00000000 10000000 01111111 11101110 10000000 10000000 00000000 00000000
 00000000 10000000 01111111 11101110 10000000 10000000 00000000 00000000
 00000000 10000000 01111111 11101110 10000000 10000000 00000000 00000000
 00000000 10000000 01111111 11101110 10000000 10000000 00000000 00000000
 00000000 10000000 01111111 11101110 10000000 10000000 00000000 00000000
 00000000 10000000 01111111 11101110 10000000 10000000 00000000 00000000
 00000000 10000000 01111111 11101110 10000000 10000000 00000000 00000000
 00000000 10000000 01111111 11101110 10000000 10000000 00000000 00000000
 00000000 10000000 01111111 11101110 10000000 10000000 00000000 00000000
 00000000 10000000 01111111 11101110 10000000 10000000 00000000 00000000
 00000000 10000000 01111111 11101110 10000000 10000000 00000000 00000000
 00000000 10000000 01111111 11101110 10000000 10000000 00000000 00000000
 00000000 10000000 01111111 11101110 10000000 10000000 00000000 00000000
 00000000 10000000 01111111 11101110 10000000 10000000 00000000 00000000
 00000000 10000000 01111111 11101110 10000000 10000000 00000000 00000000
 00000000 10000000 01111111 11101110 10000000 10000000 00000000 00000000
 00000000 10000000 01111111 11101110 10000000 10000000 00000000 00000000
 00000000 10000000 01111111 11101110 10000000 10000000 00000000 00000000
 00000000 10000000 01111111 11101110 10000000 10000000 00000000 00000000
 00000000 10000000 01111111 11101110 10000000 10000000 00000000 00000000
 00000000 10000000 01111111 11101110 10000000 10000000 00000000 00000000
 00000000 10000000 01111111 11101110 10000000 10000000 00000000 00000000
 00000000 10000000 01111111 11101110 10000000 10000000 00000000 00000000
 00000000 10000000 01111111 11101110 10000000 10000000 00000000 00000000
 00000000 10000000 01111111 11101110 10000000 10000000 00000000 00000000
 00000000 10000000 01111111 11101110 10000000 10000000 00000000 00000000
 00000000 10000000 01111111 11101110 10000000 10000000 00000000 00000000
 00000000 10000000 01111111 11101110 10000000 10000000 00000000 00000000
 00000000 10000000 01111111 11101110 10000000 10000000 00000000 00000000
 00000000 10000000 01111111 11101110 10000000 10000000 00000000 00000000
 00000000 10000000 01111111 11101110 10000000 10000000 00000000 00000000
 00000000 10000000 01111111 11101110 10000000 10000000 00000000 00000000
 00000000 10000000 01111111 11101110 10000000 10000000 00000000 00000000
 00000000 10000000 01111111 11101110 10000000 10000000 00000000 00000000
 00000000 10000000 01111111 11101110 10000000 10000000 00000000 00000000
 00000000 10000000 01111111 11101110 10000000 10000000 00000000 00000000
 00000000 10000000 01111111 11101110 10000000 10000000 00000000 00000000
 00000000 10000000 01111111 11101110 10000000 10000000 00000000 00000000
 00000000 10000000 01111111 11101110 10000000 10000000 00000000 00000000
 00000000 10000000 01111111 11101110 10000000 10000000 00000000 00000000
 00000000 10000000 01111111 11101110 10000000 10000000 00000000 00000000
 00000000 10000000 01111111 11101110 10000000 10000000 00000000 00000000
 00000000 10000000 01111111 11101110 10000000 10000000 00000000 00000000
 00000000 10000000 01111111 11101110 10000000 10000000 00000000 00000000
 00000000 10000000 01111111 11101110 10000000 10000000 00000000 00000000
 00000000 10000000 01111111 11101110 10000000 10000000 00000000 00000000
 00000000 10000000 01111111 11101110 10000000 10000000 00000000 00000000
 00000000 10000000 01111111 11101110 10000000 10000000 00000000 00000000
 00000000 10000000 01111111 11101110 10000000 10000000 00000000 00000000
 00000000 10000000 01111111 11101110 10000000 10000000 00000000 00000000
 00000000 10000000 01111111 11101110 10000000 10000000 00000000 00000000
 00000000 10000000 01111111 11101110 10000000 10000000 00000000 00000000
 00000000 10000000 01111111 11101110 10000000 10000000 00000000 00000000
 00000000 10000000 01111111 11101110 10000000 10000000 00000000 00000000
 00000000 10000000 01111111 11101110 10000000 10000000 00000000 00000000
 00000000 10000000 01111111 11101110 10000000 10000000 00000000 00000000
 00000000 10000000 01111111 11101110 10000000 10000000 00000000 00000000
 00000000 10000000 01111111 11101110 10000000 10000000 00000000 00000000
 00000000 10000000 01111111 11101110 10000000 10000000 00000000 00000000
 00000000 10000000 01111111 11101110 10000000 10000000 00000000 00000000
 00000000 10000000 01111111 11101110 10000000 10000000 00000000 00000000
 00000000 10000000 01111111 11101110 10000000 10000000 00000000 00000000
 00000000 10000000 01111111 11101110 10000000 10000000 00000000 00000000
 00000000 10000000 01111111 11101110 10000000 10000000 00000000 00000000
 00000000 10000000 01111111 11101110 10000000 10000000 00000000 00000000
 00000000 10000000 01111111 11101110 10000000 10000000 00000000 00000000
 00000000 10000000 01111111 11101110 10000000 10000000 00000000 00000000
 00000000 10000000 01111111 11101110 10000000 10000000 00000000 00000000
 00000000 10000000 01111111 11101110 10000000 10000000 00000000 00000000
 00000000 10000000 01111111 11101110 10000000 10000000 00000000 00000000
 00000000 10000000 01111111 11101110 10000000 10000000 00000000 00000000
 00000000 10000000 01111111 11101110 10000000 10000000 00000000 00000000
 00000000 10000000 01111111 11101110 10000000 10000000 00000000 00000000
 00000000 10000000 01111111 11101110 10000000 10000000 00000000 00000000
 00000000 10000000 01111111 11101110 10000000 10000000 00000000 00000000
 00000000 10000000 01111111 11101110 10000000 10000000 00000000 00000000
 00000000 10000000 01111111 11101110 10000000 10000000 00000000 00000000
 00000000 10000000 01111111 11101110 10000000 10000000 00000000 00000000
 00000000 10000000 01111111 11101110 10000000 10000000 00000000 00000000
 00000000 10000000 01111111 11101110 10000000 10000000 00000000 00000000
 00000000 10000000 01111111 11101110 10000000 10000000 00000000 00000000
 00000000 10000000 01111111 11101110 10000000 10000000 00000000 00000000
 00000000 10000000 01111111 11101110 10000000 10000000 00000000 00000000
 00000000 10000000 01111111 11101110 10000000 10000000 00000000 00000000
 00000000 10000000 01111111 11101110 10000000 10000000 00000000 00000000
 00000000 10000000 01111111 11101110 10000000 10000000 00000000 00000000
 00000000 10000000 01111111 11101110 10000000 10000000 00000000 00000000
 00000000 10000000 01111111 11101110 10000000 10000000 00000000 00000000
 00000000 10000000 01111111 11101110 10000000 10000000 00000000 00000000
 00000000 10000000 01111111 11101110 10000000 10000000 00000000 00000000
 00000000 10000000 01111111 11101110 10000000 10000000 00000000 00000000
 00000000 10000000 01111111 11101110 10000000 10000000 00000000 00000000
 00000000 10000000 01111111 11101110 10000000 10000000 00000000 00000000
 00000000 10000000 01111111 11101110 10000000 10000000 00000000 00000000
 00000000 10000000 01111111 11101110 10000000 10000000 00000000 00000000
 00000000 10000000 01111111 11101110 10000000 10000000 00000000 00000000
 00000000 10000000 01111111 11101110 10000000 10000000 00000000 00000000
 00000000 10000000 01111111 11101110 10000000 10000000 00000000 00000000
 00000000 10000000 01111111 11101110 10000000 10000000 00000000 00000000
 00000000 10000000 01111111 11101110 10000000 10000000 00000000 00000000
 00000000 10000000 01111111 11101110 10000000 10000000 00000000 00000000
 00000000 10000000 01111111 11101110 10000000 10000000 00000000 00000000
 00000000 10000000 01111111 11101110 10000000 10000000 00000000 00000000
 00000000 10000000 01111111 11101110 10000000 10000000 00000000 00000000
 00000000 10000000 01111111 11101110 10000000 10000000 00000000 00000000
 00000000 10000000 01111111 11101110 10000000 10000000 00000000 00000000
 00000000 10000000 01111111 11101110 10000000 10000000 00000000 00000000
 00000000 10000000 01111111 11101110 10000000 10000000 00000000 00000000
 00000000 10000000 01111111 11101110 10000000 10000000 00000000 00000000
 00000000 10000000 01111111 11101110 10000000 10000000 00000000 00000000
 00000000 10000000 01111111 11101110 10000000 10000000 00000000 00000000
 00000000 10000000 01111111 11101110 10000000 10000000 00000000 00000000
 00000000 10000000 01111111 11101110 10000000 10000000 00000000 00000000
 00000000 10000000 01111111 11101110 10000000 10000000 00000000 00000000
 00000000 10000000 01111111 11101110 10000000 10000000 00000000 00000000
 00000000 10000000 01111111 11101110 10000000 10000000 00000000 00000000
 00000000 10000000 01111111 11101110 10000000 10000000 00000000 00000000
 00000000 10000000 01111111 11101110 10000000 10000000 00000000 00000000
 00000000 10000000 01111111 11101110 10000000 10000000 00000000 00000000
 00000000 10000000 01111111 11101110 10000000 10000000 00000000 00000000
 00000000 10000000 01111111 11101110 10000000 10000000 00000000 00000000
 00000000 10000000 01111111 11101110 10000000 10000000 00000000 00000000
 00000000 10000000 01111111 11101110 10000000 10000000 00000000 00000000
 00000000 10000000 01111111 11101110 10000000 10000000 00000000 00000000
 00000000 10000000 01111111 11101110 10000000 10000000 00000000 00000000
 00000000 10000000 01111111 11101110 10000000 10000000 00000000 00000000
 00000000 10000000 01111111 11101110 10000000 10000000 00000000 00000000
 00000000 10000000 01111111 11101110 10000000 10000000 00000000 00000000
 00000000 10000000 01111111 11101110 10000000 10000000 00000000 00000000
 00000000 10000000 01111111 11101110 10000000 10000000 00000000 00000000
 00000000 10000000 01111111 11101110 10000000 10000000 00000000 00000000
 00000000 10000000 01111111 11101110 10000000 10000000 00000000 00000000
 00000000 10000000 01111111 11101110 10000000 10000000 00000000 00000000
 00000000 10000000 01111111 11101110 10000000 10000000 00000000 00000000
 00000000 10000000 01111111 11101110 10000000 10000000 00000000 00000000
 00000000 10000000 01111111 11101110 10000000 10000000 00000000 00000000
 00000000 10000000 01111111 11101110 10000000 10000000 00000000 00000000
 00000000 10000000 01111111 11101110 10000000 10000000 00000000 00000000
 00000000 10000000 01111111 11101110 10000000 10000000 00000000 00000000
 00000000 10000000 01111111 11101110 10000000 10000000 00000000 00000000
 00000000 10000000 01111111 11101110 10000000 10000000 00000000 00000000
 00000000 10000000 01111111 11101110 10000000 10000000 00000000 00000000
 00000000 10000000 01111111 11101110 10000000 10000000 00000000 00000000
 00000000 10000000 01111111 11101110 10000000 10000000 00000000 00000000
 00000000 10000000 01111111 11101110 10000000 10000000 00000000 00000000
 00000000 10000000 01111111 11101110 10000000 10000000 00000000 00000000
 00000000 10000000 01111111 11101110 10000000 10000000 00000000 00000000
 00000000 10000000 01111111 11101110 10000000 10000000 00000000 00000000
 00000000 10000000 01111111 11101110 10000000 10000000 00000000 00000000
 00000000 10000000 01111111 11101110 10000000 10000000 00000000 00000000
 00000000 10000000 01111111 11101110 10000000 10000000 00000000 00000000
 00000000 10000000 01111111 11101110 10000000 10000000 00000000 00000000
 00000000 10000000 01111111 11101110 10000000 10000000 00000000 00000000
 00000000 10000000 01111111 11101110 10000000 10000000 00000000 00000000
 00000000 10000000 01111111 11101110 10000000 10000000 00000000 00000000
 00000000 10000000 01111111 11101110 10000000 10000000 00000000 00000000
 00000000 10000000 01111111 11101110 10000000 10000000 00000000 00000000
 00000000 10000000 01111111 11101110 10000000 10000000 00000000 00000000
 00000000 10000000 01111111 11101110 10000000 10000000 00000000 00000000
 00000000 10000000 01111111 11101110 10000000 10000000 00000000 00000000
 00000000 10000000 01111111 11101110 10000000 10000000 00000000 00000000
 00000000 10000000 01111111 11101110 10000000 10000000 00000000 00000000
 00000000 10000000 01111111 11101110 10000000 10000000 00000000 00000000
 00000000 10000000 01111111 11101110 10000000 10000000 00000000 00000000
 00000000 10000000 01111111 11101110 10000000 10000000 00000000 00000000
 00000000 10000000 01111111 11101110 10000000 10000000 00000000 00000000
 00000000 10000000 01111111 11101110 10000000 10000000 00000000 00000000
 00000000 10000000 01111111 11101110 10000000 10000000 00000000 00000000
 00000000 10000000 01111111 11101110 10000000 10000000 00000000 00000000
 00000000 10000000 01111111 11101110 10000000 10000000 00000000 00000000
 00000000 10000000 01111111 11101110 10000000 10000000 00000000 00000000
 00000000 10000000 01111111 11101110 10000000 10000000 00000000 00000000
 00000000 10000000 01111111 11101110 10000000 10000000 00000000 00000000
 00000000 10000000 01111111 11101110 10000000 10000000 00000000 00000000
 00000000 10000000 01111111 11101110 10000000 10000000 00000000 00000000
 00000000 10000000 01111111 11101110 10000000 10000000 00000000 00000000
 00000000 10000000 01111111 11101110 10000000 10000000 00000000 00000000
 00000000 10000000 01111111 11101110 10000000 10000000 00000000 00000000
 00000000 10000000 01111111 11101110 10000000 10000000 00000000 00000000
 00000000 10000000 01111111 11101110 10000000 10000000 00000000 00000000
 00000000 10000000 01111111 11101110 10000000 10000000 00000000 00000000
 00000000 10000000 01111111 11101110 10000000 10000000 00000000 00000000
 00000000 10000000 01111111 11101110 10000000 10000000 00000000 00000000
 00000000 10000000 01111111 11101110 10000000 10000000 00000000 00000000
 00000000 10000000 01111111 11101110 10000000 10000000 00000000 00000000
 00000000 10000000 01111111 11101110 10000000 10000000 00000000 00000000
 00000000 10000000 01111111 11101110 10000000 10000000 00000000 00000000
 00000000 10000000 01111111 11101110 10000000 10000000 00000000 00000000
 00000000 10000000 01111111 11101110 10000000 10000000 00000000 00000000
 00000000 10000000 01111111 11101110 10000000 10000000 00000000 00000000
 00000000 10000000 01111111 11101110 10000000 10000000 00000000 00000000
 00000000 10000000 01111111 11101110 10000000 10000000 00000000 00000000
 00000000 10000000 01111111 11101110 10000000 10000000 00000000 00000000
 00000000 10000000 01111111 11101110 10000000 10000000 00000000 00000000
 00000000 10000000 01111111 11101110 10000000 10000000 00000000 00000000
 00000000 10000000 01111111 11101110 10000000 10000000 00000000 00000000
 00000000 10000000 01111111 11101110 10000000 10000000 00000000 00000000
 00000000 10000000 01111111 11101110 10000000 10000000 00000000 00000000
 00000000 10000000 01111111 11101110 10000000 10000000 00000000 00000000
 00000000 10000000 01111111 11101110 10000000 10000000 00000000 00000000
 00000000 10000000 01111111 11101110 10000000 10000000 00000000 00000000
 00000000 10000000 01111111 11101110 10000000 10000000 00000000 00000000
 00000000 10000000 01111111 11101110 10000000 10000000 00000000 00000000
 00000000 10000000 01111111 11101110 10000000 10000000 00000000 00000000
 00000000 10000000 01111111 11101110 10000000 10000000 00000000 00000000
 00000000 10000000 01111111 11101110 10000000 10000000 00000000 00000000
 00000000 10000000 01111111 11101110 10000000 10000000 00000000 00000000
 00000000 10000000 01111111 11101110 10000000 10000000 00000000 00000000
 00000000 10000000 01111111 11101110 10000000 10000000 00000000 00000000
 00000000 10000000 01111111 11101110 10000000 10000000 00000000 00000000
 00000000 10000000 01111111 11101110 10000000 10000000 00000000 00000000
 00000000 10000000 01111111 11101110 10000000 10000000 00000000 00000000
 00000000 10000000 01111111 11101110 10000000 10000000 00000000 00000000
 00000000 10000000 01111111 11101110 10000000 10000000 00000000 00000000
 00000000 10000000 01111111 11101110 10000000 10000000 00000000 00000000
 00000000 10000000 01111111 11101110 10000000 10000000 00000000 00000000
 00000000 10000000 01111111 11101110 10000000 10000000 00000000 00000000
 00000000 10000000 01111111 11101110 10000000 10000000 00000000 00000000
 00000000 10000000 01111111 11101110 10000000 10000000 00000000 00000000
 00000000 10000000 01111111 11101110 10000000 10000000 00000000 00000000
 00000000 10000000 01111111 11101110 10000000 10000000 00000000 00000000
 00000000 10000000 01111111 11101110 10000000 10000000 00000000 00000000
 00000000 10000000 01111111 11101110 10000000 10000000 00000000 00000000
 00000000 10000000 01111111 11101110 10000000 10000000 00000000 00000000
 00000000 10000000 01111111 11101110 10000000 10000000 00000000 00000000
 00000000 10000000 01111111 11101110 10000000 10000000 00000000 00000000
 00000000 10000000 01111111 11101110 10000000 10000000 00000000 00000000
 00000000 10000000 01111111 11101110 10000000 10000000 00000000 00000000
 00000000 10000000 01111111 11101110 10000000 10000000 00000000 00000000
 00000000 10000000 01111111 11101110 10000000 10000000 00000000 00000000
 00000000 10000000 01111111 11101110 10000000 10000000 00000000 00000000
 00000000 10000000 01111111 11101110 10000000 10000000 00000000 00000000
 00000000 10000000 01111111 11101110 10000000 10000000 00000000 00000000
 00000000 10000000 01111111 11101110 10000000 10000000 00000000 00000000
 00000000 10000000 01111111 11101110 10000000 10000000 00000000 00000000
 00000000 10000000 01111111 11101110 10000000 10000000 00000000 00000000
 00000000 10000000 01111111 11101110 10000000 10000000 00000000 00000000
 00000000 10000000 01111111 11101110 10000000 10000000 00000000 00000000
 00000000 10000000 01111111 11101110 10000000 10000000 00000000 00000000
 00000000 10000000 01111111 11101110 10000000 10000000 00000000 00000000
 00000000 10000000 01111111 11101110 10000000 10000000 00000000 00000000
 00000000 10000000 01111111 11101110 10000000 10000000 00000000 00000000
 00000000 10000000 01111111 11101110 10000000 10000000 00000000 00000000
 00000000 10000000 01111111 11101110 10000000 10000000 00000000 00000000
 00000000 10000000 01111111 11101110 10000000 10000000 00000000 00000000
 00000000 10000000 01111111 11101110 10000000 10000000 00000000 00000000
 00000000 10000000 01111111 11101110 10000000 10000000 00000000 00000000
 00000000 10000000 01111111 11101110 10000000 10000000 00000000 00000000
 00000000 10000000 01111111 11101110 10000000 10000000 00000000 00000000
 00000000 10000000 01111111 11101110 10000000 10000000 00000000 00000000
 00000000 10000000 01111111 11101110 10000000 10000000 00000000 00000000
 00000000 10000000 01111111 11101110 10000000 10000000 00000000 00000000
 00000000 10000000 01111111 11101110 10000000 10000000 00000000 00000000
 00000000 10000000 01111111 11101110 10000000 10000000 00000000 00000000
 00000000 10000000 01111111 11101110 10000000 10000000 00000000 00000000
 00000000 10000000 01111111 11101110 10000000 10000000 00000000 00000000
 00000000 10000000 01111111 11101110 10000000 10000000 00000000 00000000
 00000000 10000000 01111111 11101110 10000000 10000000 00000000 00000000
 00000000 10000000 01111111 11101110 10000000 10000000 00000000 00000000
 00000000 10000000 01111111 11101110 10000000 10000000 00000000 00000000
 00000000 10000000 01111111 11101110 10000000 10000000 00000000 00000000
 00000000 10000000 01111111 11101110 10000000 10000000 00000000 00000000
 00000000 10000000 01111111 11101110 10000000 10000000 00000000 00000000
