 00000000 10000000 01111111 01111111 01111111 01111111 00000000 00000000
 00000000 10000000 01111111 01111111 01111111 01111111 00000000 00000000
 00000000 10000000 01111111 01111111 01111111 01111111 00000000 00000000
 00000000 10000000 01111111 01111111 01111111 01111111 00000000 00000000
 00000000 10000000 01111111 01111111 01111111 01111111 00000000 00000000
 00000000 10000000 01111111 01111111 01111111 01111111 00000000 00000000
 00000000 10000000 01111111 01111111 01111111 01111111 00000000 00000000
 00000000 10000000 01111111 01111111 01111111 01111111 00000000 00000000
 00000000 10000000 01111111 01111111 01111111 01111111 00000000 00000000
 00000000 10000000 01111111 01111111 01111111 01111111 00000000 00000000
 00000000 10000000 01111111 01111111 01111111 01111111 00000000 00000000
 00000000 10000000 01111111 01111111 01111111 01111111 00000000 00000000
 00000000 10000000 01111111 01111111 01111111 01111111 00000000 00000000
 00000000 10000000 01111111 01111111 01111111 01111111 00000000 00000000
 00000000 10000000 01111111 01111111 01111111 01111111 00000000 00000000
 00000000 10000000 01111111 01111111 01111111 01111111 00000000 00000000
 00000000 10000000 01111111 01111111 01111111 01111111 00000000 00000000
 00000000 10000000 01111111 01111111 01111111 01111111 00000000 00000000
 00000000 10000000 01111111 01111111 01111111 01111111 00000000 00000000
 00000000 10000000 01111111 01111111 01111111 01111111 00000000 00000000
 00000000 10000000 01111111 01111111 01111111 01111111 00000000 00000000
 00000000 10000000 01111111 01111111 01111111 01111111 00000000 00000000
 00000000 10000000 01111111 01111111 01111111 01111111 00000000 00000000
 00000000 10000000 01111111 01111111 01111111 01111111 00000000 00000000
 00000000 10000000 01111111 01111111 01111111 01111111 00000000 00000000
 00000000 10000000 01111111 01111111 01111111 01111111 00000000 00000000
 00000000 10000000 01111111 01111111 01111111 01111111 00000000 00000000
 00000000 10000000 01111111 01111111 01111111 01111111 00000000 00000000
 00000000 10000000 01111111 01111111 01111111 01111111 00000000 00000000
 00000000 10000000 01111111 01111111 01111111 01111111 00000000 00000000
 00000000 10000000 01111111 01111111 01111111 01111111 00000000 00000000
 00000000 10000000 01111111 01111111 01111111 01111111 00000000 00000000
 00000000 10000000 01111111 01111111 01111111 01111111 00000000 00000000
 00000000 10000000 01111111 01111111 01111111 01111111 00000000 00000000
 00000000 10000000 01111111 01111111 01111111 01111111 00000000 00000000
 00000000 10000000 01111111 01111111 01111111 01111111 00000000 00000000
 00000000 10000000 01111111 01111111 01111111 01111111 00000000 00000000
 00000000 10000000 01111111 01111111 01111111 01111111 00000000 00000000
 00000000 10000000 01111111 01111111 01111111 01111111 00000000 00000000
 00000000 10000000 01111111 01111111 01111111 01111111 00000000 00000000
 00000000 10000000 01111111 01111111 01111111 01111111 00000000 00000000
 00000000 10000000 01111111 01111111 01111111 01111111 00000000 00000000
 00000000 10000000 01111111 01111111 01111111 01111111 00000000 00000000
 00000000 10000000 01111111 01111111 01111111 01111111 00000000 00000000
 00000000 10000000 01111111 01111111 01111111 01111111 00000000 00000000
 00000000 10000000 01111111 01111111 01111111 01111111 00000000 00000000
 00000000 10000000 01111111 01111111 01111111 01111111 00000000 00000000
 00000000 10000000 01111111 01111111 01111111 01111111 00000000 00000000
 00000000 10000000 01111111 01111111 01111111 01111111 00000000 00000000
 00000000 10000000 01111111 01111111 01111111 01111111 00000000 00000000
 00000000 10000000 01111111 01111111 01111111 01111111 00000000 00000000
 00000000 10000000 01111111 01111111 01111111 01111111 00000000 00000000
 00000000 10000000 01111111 01111111 01111111 01111111 00000000 00000000
 00000000 10000000 01111111 01111111 01111111 01111111 00000000 00000000
 00000000 10000000 01111111 01111111 01111111 01111111 00000000 00000000
 00000000 10000000 01111111 01111111 01111111 01111111 00000000 00000000
 00000000 10000000 01111111 01111111 01111111 01111111 00000000 00000000
 00000000 10000000 01111111 01111111 01111111 01111111 00000000 00000000
 00000000 10000000 01111111 01111111 01111111 01111111 00000000 00000000
 00000000 10000000 01111111 01111111 01111111 01111111 00000000 00000000
 00000000 10000000 01111111 01111111 01111111 01111111 00000000 00000000
 00000000 10000000 01111111 01111111 01111111 01111111 00000000 00000000
 00000000 10000000 01111111 01111111 01111111 01111111 00000000 00000000
 00000000 10000000 01111111 01111111 01111111 01111111 00000000 00000000
 00000000 10000000 01111111 01111111 01111111 01111111 00000000 00000000
 00000000 10000000 01111111 01111111 01111111 01111111 00000000 00000000
 00000000 10000000 01111111 01111111 01111111 01111111 00000000 00000000
 00000000 10000000 01111111 01111111 01111111 01111111 00000000 00000000
 00000000 10000000 01111111 01111111 01111111 01111111 00000000 00000000
 00000000 10000000 01111111 01111111 01111111 01111111 00000000 00000000
 00000000 10000000 01111111 01111111 01111111 01111111 00000000 00000000
 00000000 10000000 01111111 01111111 01111111 01111111 00000000 00000000
 00000000 10000000 01111111 01111111 01111111 01111111 00000000 00000000
 00000000 10000000 01111111 01111111 01111111 01111111 00000000 00000000
 00000000 10000000 01111111 01111111 01111011 01111111 00000000 00000000
 00000000 10000000 01111111 01111111 01101101 01111111 00000000 00000000
 00000000 10000000 01111111 01111111 01010011 01111111 00000000 00000000
 00000000 10000000 01111111 01111111 00110110 01111111 00000000 00000000
 00000000 10000000 01111111 01111111 00011101 01111111 00000000 00000000
 00000000 10000000 01111111 01111111 00010001 01111111 00000000 00000000
 00000000 10000000 01111111 01111111 00010000 01111111 00000000 00000000
 00000000 10000000 01111111 01111111 00010000 01111111 00000000 00000000
 00000000 10000000 01111111 01111111 00010000 01111111 00000000 00000000
 00000000 10000000 01111111 01111111 00010000 01111111 00000000 00000000
 00000000 10000000 01111111 01111111 00010000 01111111 00000000 00000000
 00000000 10000000 01111111 01111111 00010000 01111111 00000000 00000000
 00000000 10000000 01111111 01111111 00010000 01111111 00000000 00000000
 00000000 10000000 01111111 01111111 00010000 01111111 00000000 00000000
 00000000 10000000 01111111 01111111 00010000 01111111 00000000 00000000
 00000000 10000000 01111111 01111111 00010000 01111111 00000000 00000000
 00000000 10000000 01111111 01111111 00010000 01111111 00000000 00000000
 00000000 10000000 01111111 01111111 00010000 01111111 00000000 00000000
 00000000 10000000 01111111 01111111 00010000 01111111 00000000 00000000
 00000000 10000000 01111111 01111111 00010000 01111111 00000000 00000000
 00000000 10000000 01111111 01111111 00010000 01111111 00000000 00000000
 00000000 10000000 01111111 01111111 00010000 01111111 00000000 00000000
 00000000 10000000 01111111 01111111 00010000 01111111 00000000 00000000
 00000000 10000000 01111111 01111111 00010000 01111111 00000000 00000000
 00000000 10000000 01111111 01111111 00010000 01111111 00000000 00000000
 00000000 10000000 01111111 01111111 00010000 01111111 00000000 00000000
 00000000 10000000 01111111 01111111 00010000 01111111 00000000 00000000
 00000000 10000000 01111111 01111111 00010000 01111111 00000000 00000000
 00000000 10000000 01111111 01111111 00010000 01111111 00000000 00000000
 00000000 10000000 01111111 01111111 00010000 01111111 00000000 00000000
 00000000 10000000 01111111 01111111 00010000 01111111 00000000 00000000
 00000000 10000000 01111111 01111111 00010000 01111111 00000000 00000000
 00000000 10000000 01111111 01111111 00010000 01111111 00000000 00000000
 00000000 10000000 01111111 01111111 00010000 01111111 00000000 00000000
 00000000 10000000 01111111 01111111 00010000 01111111 00000000 00000000
 00000000 10000000 01111111 01111111 00010000 01111111 00000000 00000000
 00000000 10000000 01111111 01111111 00010000 01111111 00000000 00000000
 00000000 10000000 01111111 01111111 00010000 01111111 00000000 00000000
 00000000 10000000 01111111 01111111 00010000 01111111 00000000 00000000
 00000000 10000000 01111111 01111111 00010000 01111111 00000000 00000000
 00000000 10000000 01111111 01111111 00010000 01111111 00000000 00000000
 00000000 10000000 01111111 01111111 00010000 01111111 00000000 00000000
 00000000 10000000 01111111 01111111 00010000 01111111 00000000 00000000
 00000000 10000000 01111111 01111111 00010000 01111111 00000000 00000000
 00000000 10000000 01111111 01111111 00010000 01111111 00000000 00000000
 00000000 10000000 01111111 01111111 00010000 01111111 00000000 00000000
 00000000 10000000 01111111 01111111 00010000 01111111 00000000 00000000
 00000000 10000000 01111111 01111111 00010000 01111111 00000000 00000000
 00000000 10000000 01111111 01111111 00010000 01111111 00000000 00000000
 00000000 10000000 01111111 01111111 00010000 01111111 00000000 00000000
 00000000 10000000 01111111 01111111 00010000 01111111 00000000 00000000
 00000000 10000000 01111111 01111111 00010000 01111111 00000000 00000000
 00000000 10000000 01111111 01111111 00010000 01111111 00000000 00000000
 00000000 10000000 01111111 01111111 00010000 01111111 00000000 00000000
 00000000 10000000 01111111 01111111 00010000 01111111 00000000 00000000
 00000000 10000000 01111111 01111111 00010000 01111111 00000000 00000000
 00000000 10000000 01111111 01111111 00010000 01111111 00000000 00000000
 00000000 10000000 01111111 01111111 00010000 01111111 00000000 00000000
 00000000 10000000 01111111 01111111 00010000 01111111 00000000 00000000
 00000000 10000000 01111111 01111111 00010000 01111111 00000000 00000000
 00000000 10000000 01111111 01111111 00010000 01111111 00000000 00000000
 00000000 10000000 01111111 01111111 00010000 01111111 00000000 00000000
 00000000 10000000 01111111 01111111 00010000 01111111 00000000 00000000
 00000000 10000000 01111111 01111111 00010000 01111111 00000000 00000000
 00000000 10000000 01111111 01111111 00010000 01111111 00000000 00000000
 00000000 10000000 01111111 01111111 00010000 01111111 00000000 00000000
 00000000 10000000 01111111 01111111 00010000 01111111 00000000 00000000
 00000000 10000000 01111111 01111111 00010000 01111111 00000000 00000000
 00000000 10000000 01111111 01111111 00010000 01111111 00000000 00000000
 00000000 10000000 01111111 01111111 00010000 01111111 00000000 00000000
 00000000 10000000 01111111 01111111 00010000 01111111 00000000 00000000
 00000000 10000000 01111111 01111111 00010000 01111111 00000000 00000000
 00000000 10000000 01111111 01111111 00010000 01111111 00000000 00000000
 00000000 10000000 01111111 01111111 00010000 01111111 00000000 00000000
 00000000 10000000 01111111 01111111 00010000 01111111 00000000 00000000
 00000000 10000000 01111111 01111111 00010000 01111111 00000000 00000000
 00000000 10000000 01111111 01111111 00010000 01111111 00000000 00000000
 00000000 10000000 01111111 01111111 00010000 01111111 00000000 00000000
 00000000 10000000 01111111 01111111 00010000 01111111 00000000 00000000
 00000000 10000000 01111111 01111111 00010000 01111111 00000000 00000000
 00000000 10000000 01111111 01111111 00010000 01111111 00000000 00000000
 00000000 10000000 01111111 01111111 00010000 01111111 00000000 00000000
 00000000 10000000 01111111 01111111 00010000 01111111 00000000 00000000
 00000000 10000000 01111111 01111111 00010000 01111111 00000000 00000000
 00000000 10000000 01111111 01111111 00010000 01111111 00000000 00000000
 00000000 10000000 01111111 01111111 00010000 01111111 00000000 00000000
 00000000 10000000 01111111 01111111 00010000 01111111 00000000 00000000
 00000000 10000000 01111111 01111111 00010000 01111111 00000000 00000000
 00000000 10000000 01111111 01111111 00010000 01111111 00000000 00000000
 00000000 10000000 01111111 01111111 00010000 01111111 00000000 00000000
 00000000 10000000 01111111 01111111 00010000 01111111 00000000 00000000
 00000000 10000000 01111111 01111111 00010000 01111111 00000000 00000000
 00000000 10000000 01111111 01111111 00010000 01111111 00000000 00000000
 00000000 10000000 01111111 01111111 00010000 01111111 00000000 00000000
 00000000 10000000 01111111 01111111 00010000 01111111 00000000 00000000
 00000000 10000000 01111111 01111111 00010000 01111111 00000000 00000000
 00000000 10000000 01111111 01111111 00010000 01111111 00000000 00000000
 00000000 10000000 01111111 01111111 00010000 01111111 00000000 00000000
 00000000 10000000 01111111 01111111 00010000 01111111 00000000 00000000
 00000000 10000000 01111111 01111111 00010000 01111111 00000000 00000000
 00000000 10000000 01111111 01111111 00010000 01111111 00000000 00000000
 00000000 10000000 01111111 01111111 00010000 01111111 00000000 00000000
 00000000 10000000 01111111 01111111 00010000 01111111 00000000 00000000
 00000000 10000000 01111111 01111111 00010000 01111111 00000000 00000000
 00000000 10000000 01111111 01111111 00010000 01111111 00000000 00000000
 00000000 10000000 01111111 01111111 00010000 01111111 00000000 00000000
 00000000 10000000 01111111 01111111 00010000 01111111 00000000 00000000
 00000000 10000000 01111111 01111111 00010000 01111111 00000000 00000000
 00000000 10000000 01111111 01111111 00010000 01111111 00000000 00000000
 00000000 10000000 01111111 01111111 00010000 01111111 00000000 00000000
 00000000 10000000 01111111 01111111 00010000 01111111 00000000 00000000
 00000000 10000000 01111111 01111111 00010000 01111111 00000000 00000000
 00000000 10000000 01111111 01111111 00010000 01111111 00000000 00000000
 00000000 10000000 01111111 01111111 00010000 01111111 00000000 00000000
 00000000 10000000 01111111 01111111 00010000 01111111 00000000 00000000
 00000000 10000000 01111111 01111111 00010000 01111111 00000000 00000000
 00000000 10000000 01111111 01111111 00010000 01111111 00000000 00000000
 00000000 10000000 01111111 01111111 00010000 01111111 00000000 00000000
 00000000 10000000 01111111 01111111 00010000 01111111 00000000 00000000
 00000000 10000000 01111111 01111111 00010000 01111111 00000000 00000000
 00000000 10000000 01111111 01111111 00010000 01111111 00000000 00000000
 00000000 10000000 01111111 01111111 00010000 01111111 00000000 00000000
 00000000 10000000 01111111 01111111 00010000 01111111 00000000 00000000
 00000000 10000000 01111111 01111111 00010000 01111111 00000000 00000000
 00000000 10000000 01111111 01111111 00010000 01111111 00000000 00000000
 00000000 10000000 01111111 01111111 00010000 01111111 00000000 00000000
 00000000 10000000 01111111 01111111 00010000 01111111 00000000 00000000
 00000000 10000000 01111111 01111111 00010000 01111111 00000000 00000000
 00000000 10000000 01111111 01111111 00010000 01111111 00000000 00000000
 00000000 10000000 01111111 01111111 00010000 01111111 00000000 00000000
 00000000 10000000 01111111 01111111 00010000 01111111 00000000 00000000
 00000000 10000000 01111111 01111111 00010000 01111111 00000000 00000000
 00000000 10000000 01111111 01111111 00010000 01111111 00000000 00000000
 00000000 10000000 01111111 01111111 00010000 01111111 00000000 00000000
 00000000 10000000 01111111 01111111 00010000 01111111 00000000 00000000
 00000000 10000000 01111111 01111111 00010000 01111111 00000000 00000000
 00000000 10000000 01111111 01111111 00010000 01111111 00000000 00000000
 00000000 10000000 01111111 01111111 00010000 01111111 00000000 00000000
 00000000 10000000 01111111 01111111 00010000 01111111 00000000 00000000
 00000000 10000000 01111111 01111111 00010000 01111111 00000000 00000000
 00000000 10000000 01111111 01111111 00010000 01111111 00000000 00000000
 00000000 10000000 01111111 01111111 00010000 01111111 00000000 00000000
 00000000 10000000 01111111 01111111 00010000 01111111 00000000 00000000
 00000000 10000000 01111111 01111111 00010000 01111111 00000000 00000000
 00000000 10000000 01111111 01111111 00010000 01111111 00000000 00000000
 00000000 10000000 01111111 01111111 00010000 01111111 00000000 00000000
 00000000 10000000 01111111 01111111 00010000 01111111 00000000 00000000
 00000000 10000000 01111111 01111111 00010000 01111111 00000000 00000000
 00000000 10000000 01111111 01111111 00010000 01111111 00000000 00000000
 00000000 10000000 01111111 01111111 00010000 01111111 00000000 00000000
 00000000 10000000 01111111 01111111 00010000 01111111 00000000 00000000
 00000000 10000000 01111111 01111111 00010000 01111111 00000000 00000000
 00000000 10000000 01111111 01111111 00010000 01111111 00000000 00000000
 00000000 10000000 01111111 01111111 00010000 01111111 00000000 00000000
 00000000 10000000 01111111 01111111 00010000 01111111 00000000 00000000
 00000000 10000000 01111111 01111111 00010000 01111111 00000000 00000000
 00000000 10000000 01111111 01111111 00010000 01111111 00000000 00000000
 00000000 10000000 01111111 01111111 00010000 01111111 00000000 00000000
 00000000 10000000 01111111 01111111 00010000 01111111 00000000 00000000
 00000000 10000000 01111111 01111111 00010000 01111111 00000000 00000000
 00000000 10000000 01111111 01111111 00010000 01111111 00000000 00000000
 00000000 10000000 01111111 01111111 00010000 01111111 00000000 00000000
 00000000 10000000 01111111 01111111 00010000 01111111 00000000 00000000
 00000000 10000000 01111111 01111111 00010000 01111111 00000000 00000000
 00000000 10000000 01111111 01111111 00010000 01111111 00000000 00000000
 00000000 10000000 01111111 01111111 00010000 01111111 00000000 00000000
 00000000 10000000 01111111 01111111 00010000 01111111 00000000 00000000
 00000000 10000000 01111111 01111111 00010000 01111111 00000000 00000000
 00000000 10000000 01111111 01111111 00010000 01111111 00000000 00000000
 00000000 10000000 01111111 01111111 00010000 01111111 00000000 00000000
 00000000 10000000 01111111 01111111 00010000 01111111 00000000 00000000
 00000000 10000000 01111111 01111111 00010000 01111111 00000000 00000000
 00000000 10000000 01111111 01111111 00010000 01111111 00000000 00000000
 00000000 10000000 01111111 01111111 00010000 01111111 00000000 00000000
 00000000 10000000 01111111 01111111 00010000 01111111 00000000 00000000
 00000000 10000000 01111111 01111111 00010000 01111111 00000000 00000000
