 00000000 10000000 01111111 01111111 10000000 01111111 00000000 00000000
 00000000 10000000 01111111 01111111 10000000 01111111 00000000 00000000
 00000000 10000000 01111111 01111111 10000000 01111111 00000000 00000000
 00000000 10000000 01111111 01111111 10000000 01111111 00000000 00000000
 00000000 10000000 01111111 01111111 10000000 01111111 00000000 00000000
 00000000 10000000 01111111 01111111 10000000 01111111 00000000 00000000
 00000000 10000000 01111111 01111111 10000000 01111111 00000000 00000000
 00000000 10000000 01111111 01111111 10000000 01111111 00000000 00000000
 00000000 10000000 01111111 01111111 10000000 01111111 00000000 00000000
 00000000 10000000 01111111 01111111 10000000 01111111 00000000 00000000
 00000000 10000000 01111111 01111111 10000000 01111111 00000000 00000000
 00000000 10000000 01111111 01111111 10000000 01111111 00000000 00000000
 00000000 10000000 01111111 01111111 10000000 01111111 00000000 00000000
 00000000 10000000 01111111 01111111 10000000 01111111 00000000 00000000
 00000000 10000000 01111111 01111111 10000000 01111111 00000000 00000000
 00000000 10000000 01111111 01111111 10000000 01111111 00000000 00000000
 00000000 10000000 01111111 01111111 10000000 01111111 00000000 00000000
 00000000 10000000 01111111 01111111 10000000 01111111 00000000 00000000
 00000000 10000000 01111111 01111111 10000000 01111111 00000000 00000000
 00000000 10000000 01111111 01111111 10000000 01111111 00000000 00000000
 00000000 10000000 01111111 01111111 10000000 01111111 00000000 00000000
 00000000 10000000 01111111 01111111 10000000 01111111 00000000 00000000
 00000000 10000000 01111111 01111111 10000000 01111111 00000000 00000000
 00000000 10000000 01111111 01111111 10000000 01111111 00000000 00000000
 00000000 10000000 01111111 01111111 10000000 01111111 00000000 00000000
 00000000 10000000 01111111 01111111 10000000 01111111 00000000 00000000
 00000000 10000000 01111111 01111111 10000000 01111111 00000000 00000000
 00000000 10000000 01111111 01111111 10000000 01111111 00000000 00000000
 00000000 10000000 01111111 01111111 10000000 01111111 00000000 00000000
 00000000 10000000 01111111 01111111 10000000 01111111 00000000 00000000
 00000000 10000000 01111111 01111111 10000000 01111111 00000000 00000000
 00000000 10000000 01111111 01111111 10000000 01111111 00000000 00000000
 00000000 10000000 01111111 01111111 10000000 01111111 00000000 00000000
 00000000 10000000 01111111 01111111 10000000 01111111 00000000 00000000
 00000000 10000000 01111111 01111111 10000000 01111111 00000000 00000000
 00000000 10000000 01111111 01111111 10000000 01111111 00000000 00000000
 00000000 10000000 01111111 01111111 10000000 01111111 00000000 00000000
 00000000 10000000 01111111 01111111 10000000 01111111 00000000 00000000
 00000000 10000000 01111111 01111111 10000000 01111111 00000000 00000000
 00000000 10000000 01111111 01111111 10000000 01111111 00000000 00000000
 00000000 10000000 01111111 01111111 10000000 01111111 00000000 00000000
 00000000 10000000 01111111 01111111 10000000 01111111 00000000 00000000
 00000000 10000000 01111111 01111111 10000000 01111111 00000000 00000000
 00000000 10000000 01111111 01111111 10000000 01111111 00000000 00000000
 00000000 10000000 01111111 01111111 10000000 01111111 00000000 00000000
 00000000 10000000 01111111 01111111 10000000 01111111 00000000 00000000
 00000000 10000000 01111111 01111111 10000000 01111111 00000000 00000000
 00000000 10000000 01111111 01111111 10000000 01111111 00000000 00000000
 00000000 10000000 01111111 01111111 10000000 01111111 00000000 00000000
 00000000 10000000 01111111 01111111 10000000 01111111 00000000 00000000
 00000000 10000000 01111111 01111111 10000000 01111111 00000000 00000000
 00000000 10000000 01111111 01111111 10000000 01111111 00000000 00000000
 00000000 10000000 01111111 01111111 10000000 01111111 00000000 00000000
 00000000 10000000 01111111 01111111 10000000 01111111 00000000 00000000
 00000000 10000000 01111111 01111111 10000000 01111111 00000000 00000000
 00000000 10000000 01111111 01111111 10000000 01111111 00000000 00000000
 00000000 10000000 01111111 01111111 10000000 01111111 00000000 00000000
 00000000 10000000 01111111 01111111 10000000 01111111 00000000 00000000
 00000000 10000000 01111111 01111111 10000000 01111111 00000000 00000000
 00000000 10000000 01111111 01111111 10000000 01111111 00000000 00000000
 00000000 10000000 01111111 01111111 10000000 01111111 00000000 00000000
 00000000 10000000 01111111 01111111 10000000 01111111 00000000 00000000
 00000000 10000000 01111111 01111111 10000000 01111111 00000000 00000000
 00000000 10000000 01111111 01111111 10000000 01111111 00000000 00000000
 00000000 10000000 01111111 01111111 10000000 01111111 00000000 00000000
 00000000 10000000 01111111 01111111 10000000 01111111 00000000 00000000
 00000000 10000000 01111111 01111111 10000000 01111111 00000000 00000000
 00000000 10000000 01111111 01111111 10000000 01111111 00000000 00000000
 00000000 10000000 01111111 01111111 10000000 01111111 00000000 00000000
 00000000 10000000 01111111 01111111 10000000 01111111 00000000 00000000
 00000000 10000000 01111111 01111111 10000000 01111111 00000000 00000000
 00000000 10000000 01111111 01111111 10000000 01111111 00000000 00000000
 00000000 10000000 01111111 01111111 10000000 01111111 00000000 00000000
 00000000 10000000 01111111 01111111 10000000 01111111 00000000 00000000
 00000000 10000000 01111111 01111111 10000000 01111111 00000000 00000000
 00000000 10000000 01111111 01111111 10000000 01111111 00000000 00000000
 00000000 10000000 01111111 01111111 10000000 01111111 00000000 00000000
 00000000 10000000 01111111 01111111 10000000 01111111 00000000 00000000
 00000000 10000000 01111111 01111111 10000000 01111111 00000000 00000000
 00000000 10000000 01111111 01111111 10000000 01111111 00000000 00000000
 00000000 10000000 01111111 01111111 10000000 01111111 00000000 00000000
 00000000 10000000 01111111 01111111 10000000 01111111 00000000 00000000
 00000000 10000000 01111111 01111111 10000000 01111111 00000000 00000000
 00000000 10000000 01111111 01111111 10000000 01111111 00000000 00000000
 00000000 10000000 01111111 01111111 10000000 01111111 00000000 00000000
 00000000 10000000 01111111 01111111 10000000 01111111 00000000 00000000
 00000000 10000000 01111111 01111111 10000000 01111111 00000000 00000000
 00000000 10000000 01111111 01111111 10000000 01111111 00000000 00000000
 00000000 10000000 01111111 01111111 10000000 01111111 00000000 00000000
 00000000 10000000 01111111 01111111 10000000 01111111 00000000 00000000
 00000000 10000000 01111111 01111111 10000000 01111111 00000000 00000000
 00000000 10000000 01111111 01111111 10000000 01111111 00000000 00000000
 00000000 10000000 01111111 01111111 10000000 01111111 00000000 00000000
 00000000 10000000 01111111 01111111 10000000 01111111 00000000 00000000
 00000000 10000000 01111111 01111111 10000000 01111111 00000000 00000000
 00000000 10000000 01111111 01111111 10000000 01111111 00000000 00000000
 00000000 10000000 01111111 01111111 10000000 01111111 00000000 00000000
 00000000 10000000 01111111 01111111 10000000 01111111 00000000 00000000
 00000000 10000000 01111111 01111111 10000000 01111111 00000000 00000000
 00000000 10000000 01111111 01111111 10000000 01111111 00000000 00000000
 00000000 10000000 01111111 01111111 10000000 01111111 00000000 00000000
 00000000 10000000 01111111 01111111 10000000 01111111 00000000 00000000
 00000000 10000000 01111111 01111111 10000000 01111111 00000000 00000000
 00000000 10000000 01111111 01111111 10000000 01111111 00000000 00000000
 00000000 10000000 01111111 01111111 10000000 01111111 00000000 00000000
 00000000 10000000 01111111 01111111 10000000 01111111 00000000 00000000
 00000000 10000000 01111111 01111111 10000000 01111111 00000000 00000000
 00000000 10000000 01111111 01111111 10000000 01111111 00000000 00000000
 00000000 10000000 01111111 01111111 10000000 01111111 00000000 00000000
 00000000 10000000 01111111 01111111 10000000 01111111 00000000 00000000
 00000000 10000000 01111111 01111111 10000000 01111111 00000000 00000000
 00000000 10000000 01111111 01111111 10000000 01111111 00000000 00000000
 00000000 10000000 01111111 01111111 10000000 01111111 00000000 00000000
 00000000 10000000 01111111 01111111 10000000 01111111 00000000 00000000
 00000000 10000000 01111111 01111111 10000000 01111111 00000000 00000000
 00000000 10000000 01111111 01111111 10000000 01111111 00000000 00000000
 00000000 10000000 01111111 01111111 10000000 01111111 00000000 00000000
 00000000 10000000 01111111 01111111 10000000 01111111 00000000 00000000
 00000000 10000000 01111111 01111111 10000000 01111111 00000000 00000000
 00000000 10000000 01111111 01111111 10000000 01111111 00000000 00000000
 00000000 10000000 01111111 01111111 10000000 01111111 00000000 00000000
 00000000 10000000 01111111 01111111 10000000 01111111 00000000 00000000
 00000000 10000000 01111111 01111111 10000000 01111111 00000000 00000000
 00000000 10000000 01111111 01111111 10000000 01111111 00000000 00000000
 00000000 10000000 01111111 01111111 10000000 01111111 00000000 00000000
 00000000 10000000 01111111 01111111 10000000 01111111 00000000 00000000
 00000000 10000000 01111111 01111111 10000000 01111111 00000000 00000000
 00000000 10000000 01111111 01111111 10000000 01111111 00000000 00000000
 00000000 10000000 01111111 01111111 10000000 01111111 00000000 00000000
 00000000 10000000 01111111 01111111 10000000 01111111 00000000 00000000
 00000000 10000000 01111111 01111111 10000000 01111111 00000000 00000000
 00000000 10000000 01111111 01111111 10000000 01111111 00000000 00000000
 00000000 10000000 01111111 01111111 10000000 01111111 00000000 00000000
 00000000 10000000 01111111 01111111 10000000 01111111 00000000 00000000
 00000000 10000000 01111111 01111111 10000000 01111111 00000000 00000000
 00000000 10000000 01111111 01111111 10000000 01111111 00000000 00000000
 00000000 10000000 01111111 01111111 10000000 01111111 00000000 00000000
 00000000 10000000 01111111 01111111 10000000 01111111 00000000 00000000
 00000000 10000000 01111111 01111111 10000000 01111111 00000000 00000000
 00000000 10000000 01111111 01111111 10000000 01111111 00000000 00000000
 00000000 10000000 01111111 01111111 10000000 01111111 00000000 00000000
 00000000 10000000 01111111 01111111 10000000 01111111 00000000 00000000
 00000000 10000000 01111111 01111111 10000000 01111111 00000000 00000000
 00000000 10000000 01111111 01111111 10000000 01111111 00000000 00000000
 00000000 10000000 01111111 01111111 10000000 01111111 00000000 00000000
 00000000 10000000 01111111 01111111 10000000 01111111 00000000 00000000
 00000000 10000000 01111111 01111111 10000000 01111111 00000000 00000000
 00000000 10000000 01111111 01111111 10000000 01111111 00000000 00000000
 00000000 10000000 01111111 01111111 10000000 01111111 00000000 00000000
 00000000 10000000 01111111 01111111 10000000 01111111 00000000 00000000
 00000000 10000000 01111111 01111111 10000000 10000010 00000000 00000000
 00000000 10000000 01111111 01111111 10000000 10010111 00000000 00000000
 00000000 10000000 01111111 01111111 10000000 10101111 00000000 00000000
 00000000 10000000 01111111 01111111 10000000 11011101 00000000 00000000
 00000000 10000000 01111111 01111111 10000000 11101101 00000000 00000000
 00000000 10000000 01111111 01111111 10000000 11101110 00000000 00000000
 00000000 10000000 01111111 01111111 10000000 11101110 00000000 00000000
 00000000 10000000 01111111 01111111 10000000 11101110 00000000 00000000
 00000000 10000000 01111111 01111111 10000000 11101110 00000000 00000000
 00000000 10000000 01111111 01111111 10000000 11101110 00000000 00000000
 00000000 10000000 01111111 01111111 10000000 11101110 00000000 00000000
 00000000 10000000 01111111 01111111 10000000 11101110 00000000 00000000
 00000000 10000000 01111111 01111111 10000000 11101110 00000000 00000000
 00000000 10000000 01111111 01111111 10000000 11101110 00000000 00000000
 00000000 10000000 01111111 01111111 10000000 11101110 00000000 00000000
 00000000 10000000 01111111 01111111 10000000 11101110 00000000 00000000
 00000000 10000000 01111111 01111111 10000000 11101110 00000000 00000000
 00000000 10000000 01111111 01111111 10000000 11101110 00000000 00000000
 00000000 10000000 01111111 01111111 10000000 11101110 00000000 00000000
 00000000 10000000 01111111 01111111 10000000 11101110 00000000 00000000
 00000000 10000000 01111111 01111111 10000000 11101110 00000000 00000000
 00000000 10000000 01111111 01111111 10000000 11101110 00000000 00000000
 00000000 10000000 01111111 01111111 10000000 11101110 00000000 00000000
 00000000 10000000 01111111 01111111 10000000 11101110 00000000 00000000
 00000000 10000000 01111111 01111111 10000000 11101110 00000000 00000000
 00000000 10000000 01111111 01111111 10000000 11101110 00000000 00000000
 00000000 10000000 01111111 01111111 10000000 11101110 00000000 00000000
 00000000 10000000 01111111 01111111 10000000 11101110 00000000 00000000
 00000000 10000000 01111111 01111111 10000000 11101110 00000000 00000000
 00000000 10000000 01111111 01111111 10000000 11101110 00000000 00000000
 00000000 10000000 01111111 01111111 10000000 11101110 00000000 00000000
 00000000 10000000 01111111 01111111 10000000 11101110 00000000 00000000
 00000000 10000000 01111111 01111111 10000000 11101110 00000000 00000000
 00000000 10000000 01111111 01111111 10000000 11101110 00000000 00000000
 00000000 10000000 01111111 01111111 10000000 11101110 00000000 00000000
 00000000 10000000 01111111 01111111 10000000 11101110 00000000 00000000
 00000000 10000000 01111111 01111111 10000000 11101110 00000000 00000000
 00000000 10000000 01111111 01111111 10000000 11101110 00000000 00000000
 00000000 10000000 01111111 01111111 10000000 11101110 00000000 00000000
 00000000 10000000 01111111 01111111 10000000 11101110 00000000 00000000
 00000000 10000000 01111111 01111111 10000000 11101110 00000000 00000000
 00000000 10000000 01111111 01111111 10000000 11101110 00000000 00000000
 00000000 10000000 01111111 01111111 10000000 11101110 00000000 00000000
 00000000 10000000 01111111 01111111 10000000 11101110 00000000 00000000
 00000000 10000000 01111111 01111111 10000000 11101110 00000000 00000000
 00000000 10000000 01111111 01111111 10000000 11101110 00000000 00000000
 00000000 10000000 01111111 01111111 10000000 11101110 00000000 00000000
 00000000 10000000 01111111 01111111 10000000 11101110 00000000 00000000
 00000000 10000000 01111111 01111111 10000000 11101110 00000000 00000000
 00000000 10000000 01111111 01111111 10000000 11101110 00000000 00000000
 00000000 10000000 01111111 01111111 10000000 11101110 00000000 00000000
 00000000 10000000 01111111 01111111 10000000 11101110 00000000 00000000
 00000000 10000000 01111111 01111111 10000000 11101110 00000000 00000000
 00000000 10000000 01111111 01111111 10000000 11101110 00000000 00000000
 00000000 10000000 01111111 01111111 10000000 11101110 00000000 00000000
 00000000 10000000 01111111 01111111 10000000 11101110 00000000 00000000
 00000000 10000000 01111111 01111111 10000000 11101110 00000000 00000000
 00000000 10000000 01111111 01111111 10000000 11101110 00000000 00000000
 00000000 10000000 01111111 01111111 10000000 11101110 00000000 00000000
 00000000 10000000 01111111 01111111 10000000 11101110 00000000 00000000
 00000000 10000000 01111111 01111111 10000000 11101110 00000000 00000000
 00000000 10000000 01111111 01111111 10000000 11101110 00000000 00000000
 00000000 10000000 01111111 01111111 10000000 11101110 00000000 00000000
 00000000 10000000 01111111 01111111 10000000 11101110 00000000 00000000
 00000000 10000000 01111111 01111111 10000000 11101110 00000000 00000000
 00000000 10000000 01111111 01111111 10000000 11101110 00000000 00000000
 00000000 10000000 01111111 01111111 10000000 11101110 00000000 00000000
 00000000 10000000 01111111 01111111 10000000 11101110 00000000 00000000
 00000000 10000000 01111111 01111111 10000000 11101110 00000000 00000000
 00000000 10000000 01111111 01111111 10000000 11101110 00000000 00000000
 00000000 10000000 01111111 01111111 10000000 11101110 00000000 00000000
 00000000 10000000 01111111 01111111 10000000 11101110 00000000 00000000
 00000000 10000000 01111111 01111111 10000000 11101110 00000000 00000000
 00000000 10000000 01111111 01111111 10000000 11101110 00000000 00000000
 00000000 10000000 01111111 01111111 10000000 11101110 00000000 00000000
 00000000 10000000 01111111 01111111 10000000 11101110 00000000 00000000
 00000000 10000000 01111111 01111111 10000000 11101110 00000000 00000000
 00000000 10000000 01111111 01111111 10000000 11101110 00000000 00000000
 00000000 10000000 01111111 01111111 10000000 11101110 00000000 00000000
 00000000 10000000 01111111 01111111 10000000 11101110 00000000 00000000
 00000000 10000000 01111111 01111111 10000000 11101110 00000000 00000000
 00000000 10000000 01111111 01111111 10000000 11101110 00000000 00000000
 00000000 10000000 01111111 01111111 10000000 11101110 00000000 00000000
 00000000 10000000 01111111 01111111 10000000 11101110 00000000 00000000
 00000000 10000000 01111111 01111111 10000000 11101110 00000000 00000000
 00000000 10000000 01111111 01111111 10000000 11101110 00000000 00000000
 00000000 10000000 01111111 01111111 10000000 11101110 00000000 00000000
 00000000 10000000 01111111 01111111 10000000 11101110 00000000 00000000
 00000000 10000000 01111111 01111111 10000000 11101110 00000000 00000000
 00000000 10000000 01111111 01111111 10000000 11101110 00000000 00000000
 00000000 10000000 01111111 01111111 10000000 11101110 00000000 00000000
 00000000 10000000 01111111 01111111 10000000 11101110 00000000 00000000
 00000000 10000000 01111111 01111111 10000000 11101110 00000000 00000000
 00000000 10000000 01111111 01111111 10000000 11101110 00000000 00000000
 00000000 10000000 01111111 01111111 10000000 11101110 00000000 00000000
 00000000 10000000 01111111 01111111 10000000 11101110 00000000 00000000
 00000000 10000000 01111111 01111111 10000000 11101110 00000000 00000000
 00000000 10000000 01111111 01111111 10000000 11101110 00000000 00000000
 00000000 10000000 01111111 01111111 10000000 11101110 00000000 00000000
 00000000 10000000 01111111 01111111 10000000 11101110 00000000 00000000
 00000000 10000000 01111111 01111111 10000000 11101110 00000000 00000000
 00000000 10000000 01111111 01111111 10000000 11101110 00000000 00000000
 00000000 10000000 01111111 01111111 10000000 11101110 00000000 00000000
 00000000 10000000 01111111 01111111 10000000 11101110 00000000 00000000
 00000000 10000000 01111111 01111111 10000000 11101110 00000000 00000000
 00000000 10000000 01111111 01111111 10000000 11101110 00000000 00000000
 00000000 10000000 01111111 01111111 10000000 11101110 00000000 00000000
 00000000 10000000 01111111 01111111 10000000 11101110 00000000 00000000
 00000000 10000000 01111111 01111111 10000000 11101110 00000000 00000000
 00000000 10000000 01111111 01111111 10000000 11101110 00000000 00000000
 00000000 10000000 01111111 01111111 10000000 11101110 00000000 00000000
 00000000 10000000 01111111 01111111 10000000 11101110 00000000 00000000
 00000000 10000000 01111111 01111111 10000000 11101110 00000000 00000000
 00000000 10000000 01111111 01111111 10000000 11101110 00000000 00000000
 00000000 10000000 01111111 01111111 10000000 11101110 00000000 00000000
 00000000 10000000 01111111 01111111 10000000 11101110 00000000 00000000
 00000000 10000000 01111111 01111111 10000000 11101110 00000000 00000000
 00000000 10000000 01111111 01111111 10000000 11101110 00000000 00000000
 00000000 10000000 01111111 01111111 10000000 11101110 00000000 00000000
 00000000 10000000 01111111 01111111 10000000 11101110 00000000 00000000
 00000000 10000000 01111111 01111111 10000000 11101110 00000000 00000000
 00000000 10000000 01111111 01111111 10000000 11101110 00000000 00000000
 00000000 10000000 01111111 01111111 10000000 11101110 00000000 00000000
 00000000 10000000 01111111 01111111 10000000 11101110 00000000 00000000
 00000000 10000000 01111111 01111111 10000000 11101110 00000000 00000000
 00000000 10000000 01111111 01111111 10000000 11101110 00000000 00000000
 00000000 10000000 01111111 01111111 10000000 11101110 00000000 00000000
 00000000 10000000 01111111 01111111 10000000 11101110 00000000 00000000
 00000000 10000000 01111111 01111111 10000000 11101110 00000000 00000000
 00000000 10000000 01111111 01111111 10000000 11101110 00000000 00000000
 00000000 10000000 01111111 01111111 10000000 11101110 00000000 00000000
 00000000 10000000 01111111 01111111 10000000 11101110 00000000 00000000
 00000000 10000000 01111111 01111111 10000000 11101110 00000000 00000000
 00000000 10000000 01111111 01111111 10000000 11101110 00000000 00000000
 00000000 10000000 01111111 01111111 10000000 11101110 00000000 00000000
 00000000 10000000 01111111 01111111 10000000 11101110 00000000 00000000
 00000000 10000000 01111111 01111111 10000000 11101110 00000000 00000000
 00000000 10000000 01111111 01111111 10000000 11101110 00000000 00000000
 00000000 10000000 01111111 01111111 10000000 11101110 00000000 00000000
 00000000 10000000 01111111 01111111 10000000 11101110 00000000 00000000
 00000000 10000000 01111111 01111111 10000000 11101110 00000000 00000000
 00000000 10000000 01111111 01111111 10000000 11101110 00000000 00000000
 00000000 10000000 01111111 01111111 10000000 11101110 00000000 00000000
 00000000 10000000 01111111 01111111 10000000 11101110 00000000 00000000
 00000000 10000000 01111111 01111111 10000000 11101110 00000000 00000000
 00000000 10000000 01111111 01111111 10000000 11101110 00000000 00000000
 00000000 10000000 01111111 01111111 10000000 11101110 00000000 00000000
 00000000 10000000 01111111 01111111 10000000 11101110 00000000 00000000
 00000000 10000000 01111111 01111111 10000000 11101110 00000000 00000000
 00000000 10000000 01111111 01111111 10000000 11101110 00000000 00000000
 00000000 10000000 01111111 01111111 10000000 11101110 00000000 00000000
 00000000 10000000 01111111 01111111 10000000 11101110 00000000 00000000
 00000000 10000000 01111111 01111111 10000000 11101110 00000000 00000000
 00000000 10000000 01111111 01111111 10000000 11101110 00000000 00000000
 00000000 10000000 01111111 01111111 10000000 11101110 00000000 00000000
 00000000 10000000 01111111 01111111 10000000 11101110 00000000 00000000
 00000000 10000000 01111111 01111111 10000000 11101110 00000000 00000000
 00000000 10000000 01111111 01111111 10000000 11101110 00000000 00000000
 00000000 10000000 01111111 01111111 10000000 11101110 00000000 00000000
 00000000 10000000 01111111 01111111 10000000 11101110 00000000 00000000
 00000000 10000000 01111111 01111111 10000000 11101110 00000000 00000000
 00000000 10000000 01111111 01111111 10000000 11101110 00000000 00000000
 00000000 10000000 01111111 01111111 10000000 11101110 00000000 00000000
 00000000 10000000 01111111 01111111 10000000 11101110 00000000 00000000
 00000000 10000000 01111111 01111111 10000000 11101110 00000000 00000000
 00000000 10000000 01111111 01111111 10000000 11101110 00000000 00000000
 00000000 10000000 01111111 01111111 10000000 11101110 00000000 00000000
 00000000 10000000 01111111 01111111 10000000 11101110 00000000 00000000
 00000000 10000000 01111111 01111111 10000000 11101110 00000000 00000000
 00000000 10000000 01111111 01111111 10000000 11101110 00000000 00000000
 00000000 10000000 01111111 01111111 10000000 11101110 00000000 00000000
 00000000 10000000 01111111 01111111 10000000 11101110 00000000 00000000
 00000000 10000000 01111111 01111111 10000000 11101110 00000000 00000000
 00000000 10000000 01111111 01111111 10000000 11101110 00000000 00000000
 00000000 10000000 01111111 01111111 10000000 11101110 00000000 00000000
 00000000 10000000 01111111 01111111 10000000 11101110 00000000 00000000
 00000000 10000000 01111111 01111111 10000000 11101110 00000000 00000000
 00000000 10000000 01111111 01111111 10000000 11101110 00000000 00000000
 00000000 10000000 01111111 01111111 10000000 11101110 00000000 00000000
 00000000 10000000 01111111 01111111 10000000 11101110 00000000 00000000
 00000000 10000000 01111111 01111111 10000000 11101110 00000000 00000000
 00000000 10000000 01111111 01111111 10000000 11101110 00000000 00000000
 00000000 10000000 01111111 01111111 10000000 11101110 00000000 00000000
 00000000 10000000 01111111 01111111 10000000 11101110 00000000 00000000
 00000000 10000000 01111111 01111111 10000000 11101110 00000000 00000000
 00000000 10000000 01111111 01111111 10000000 11101110 00000000 00000000
 00000000 10000000 01111111 01111111 10000000 11101110 00000000 00000000
 00000000 10000000 01111111 01111111 10000000 11101110 00000000 00000000
 00000000 10000000 01111111 01111111 10000000 11101110 00000000 00000000
 00000000 10000000 01111111 01111111 10000000 11101110 00000000 00000000
