 00000000 10000000 01111111 01111111 01111111 01111111 00000000 00000000
 00000000 10000000 01111111 01111111 01111111 01111111 00000000 00000000
 00000000 10000000 01111111 01111111 01111111 01111111 00000000 00000000
 00000000 10000000 01111111 01111111 01111111 01111111 00000000 00000000
 00000000 10000000 01111111 01111111 01111111 01111111 00000000 00000000
 00000000 10000000 01111111 01111111 01111111 01111111 00000000 00000000
 00000000 10000000 01111111 01111111 01111111 01111111 00000000 00000000
 00000000 10000000 01111111 01111111 01111111 01111111 00000000 00000000
 00000000 10000000 01111111 01111111 01111111 01111111 00000000 00000000
 00000000 10000000 01111111 01111111 01111111 01111111 00000000 00000000
 00000000 10000000 01111111 01111111 01111111 01111111 00000000 00000000
 00000000 10000000 01111111 01111111 01111111 01111111 00000000 00000000
 00000000 10000000 01111111 01111111 01111111 01111111 00000000 00000000
 00000000 10000000 01111111 01111111 01111111 01111111 00000000 00000000
 00000000 10000000 01111111 01111111 01111111 01111111 00000000 00000000
 00000000 10000000 01111111 01111111 01111111 01111111 00000000 00000000
 00000000 10000000 01111111 01111111 01111111 01111111 00000000 00000000
 00000000 10000000 01111111 01111111 01111111 01111111 00000000 00000000
 00000000 10000000 01111111 01111111 01111111 01111111 00000000 00000000
 00000000 10000000 01111111 01111111 01111111 01111111 00000000 00000000
 00000000 10000000 01111111 01111111 01111111 01111111 00000000 00000000
 00000000 10000000 01111111 01111111 01111111 01111111 00000000 00000000
 00000000 10000000 01111111 01111111 01111111 01111111 00000000 00000000
 00000000 10000000 01111111 01111111 01111111 01111111 00000000 00000000
 00000000 10000000 01111111 01111111 01111111 01111111 00000000 00000000
 00000000 10000000 01111111 01111111 01111111 01111111 00000000 00000000
 00000000 10000000 01111111 01111111 01111111 01111111 00000000 00000000
 00000000 10000000 01111111 01111111 01111111 01111111 00000000 00000000
 00000000 10000000 01111111 01111111 01111111 01111111 00000000 00000000
 00000000 10000000 01111111 01111111 01111111 01111111 00000000 00000000
 00000000 10000000 01111111 01111111 01111111 01111111 00000000 00000000
 00000000 10000000 01111111 01111111 01111111 01111111 00000000 00000000
 00000000 10000000 01111111 01111111 01111111 01111111 00000000 00000000
 00000000 10000000 01111111 01111111 01111111 01111111 00000000 00000000
 00000000 10000000 01111111 01111111 01111111 01111111 00000000 00000000
 00000000 10000000 01111111 01111111 01111111 01111111 00000000 00000000
 00000000 10000000 01111111 01111111 01111111 01111111 00000000 00000000
 00000000 10000000 01111111 01111111 01111111 01111111 00000000 00000000
 00000000 10000000 01111111 01111111 01111111 01111111 00000000 00000000
 00000000 10000000 01111111 01111111 01111111 01111111 00000000 00000000
 00000000 10000000 01111111 01111111 01111111 01111111 00000000 00000000
 00000000 10000000 01111111 01111111 01111111 01111111 00000000 00000000
 00000000 10000000 01111111 01111111 01111111 01111111 00000000 00000000
 00000000 10000000 01111111 01111111 01111111 01111111 00000000 00000000
 00000000 10000000 01111111 01111111 01111111 01111111 00000000 00000000
 00000000 10000000 01111111 01111111 01111111 01111111 00000000 00000000
 00000000 10000000 01111111 01111111 01111111 01111111 00000000 00000000
 00000000 10000000 01111111 01111111 01111111 01111111 00000000 00000000
 00000000 10000000 01111111 01111111 01111111 01111111 00000000 00000000
 00000000 10000000 01111111 01111111 01111111 01111111 00000000 00000000
 00000000 10000000 01111111 01111111 01111111 01111111 00000000 00000000
 00000000 10000000 01111111 01111111 01111111 01111111 00000000 00000000
 00000000 10000000 01111111 01111111 01111111 01111111 00000000 00000000
 00000000 10000000 01111111 01111111 01111111 01111111 00000000 00000000
 00000000 10000000 01111111 01111111 01111111 01111111 00000000 00000000
 00000000 10000000 01111111 01111111 01111111 01111111 00000000 00000000
 00000000 10000000 01111111 01111111 01111111 01111111 00000000 00000000
 00000000 10000000 01111111 01111111 01111111 01111111 00000000 00000000
 00000000 10000000 01111111 01111111 01111111 01111111 00000000 00000000
 00000000 10000000 01111111 01111111 01111111 01111111 00000000 00000000
 00000000 10000000 01111111 01111111 01111111 01111111 00000000 00000000
 00000000 10000000 01111111 01111111 01111111 01111111 00000000 00000000
 00000000 10000000 01111111 01111111 01111111 01111111 00000000 00000000
 00000000 10000000 01111111 01111111 01111111 01111111 00000000 00000000
 00000000 10000000 01111111 01111111 01111111 01111111 00000000 00000000
 00000000 10000000 01111111 01111111 01111111 01111111 00000000 00000000
 00000000 10000000 01111111 01111111 01111111 01111111 00000000 00000000
 00000000 10000000 01111111 01111111 01111111 01111111 00000000 00000000
 00000000 10000000 01111111 01111111 01111111 01111111 00000000 00000000
 00000000 10000000 01111111 01111111 01111111 01111111 00000000 00000000
 00000000 10000000 01111111 01111111 01111111 01111111 00000000 00000000
 00000000 10000000 01111111 01111111 01111111 01111111 00000000 00000000
 00000000 10000000 01111111 01111111 01111111 01111111 00000000 00000000
 00000000 10000000 01111111 01111111 01111111 01111111 00000000 00000000
 00000000 10000000 01111111 01111111 01111111 01111111 00000000 00000000
 00000000 10000000 01111111 01111111 01111111 01111111 00000000 00000000
 00000000 10000000 01111111 01111111 01111111 01111111 00000000 00000000
 00000000 10000000 01111111 01111111 01111111 01111111 00000000 00000000
 00000000 10000000 01111111 01111111 01111111 01111111 00000000 00000000
 00000000 10000000 01111111 01111111 01111111 01111111 00000000 00000000
 00000000 10000000 01111111 01111111 01111111 01111111 00000000 00000000
 00000000 10000000 01111111 01111111 01111111 01111111 00000000 00000000
 00000000 10000000 01111111 01111111 01111111 01111111 00000000 00000000
 00000000 10000000 01111111 01111111 01111111 01111111 00000000 00000000
 00000000 10000000 01111111 01111111 01111111 01111111 00000000 00000000
 00000000 10000000 01111111 01111111 01111111 01111111 00000000 00000000
 00000000 10000000 01111111 01111111 01111111 01111111 00000000 00000000
 00000000 10000000 01111111 01111111 01111111 01111111 00000000 00000000
 00000000 10000000 01111111 01111111 01111111 01111111 00000000 00000000
 00000000 10000000 01111111 01111111 01111111 01111111 00000000 00000000
 00000000 10000000 01111111 01111111 01111111 01111111 00000000 00000000
 00000000 10000000 01111111 01111111 01111111 01111111 00000000 00000000
 00000000 10000000 01111111 01111111 01111111 01111111 00000000 00000000
 00000000 10000000 01111111 01111111 01111111 01111111 00000000 00000000
 00000000 10000000 01111111 01111111 01111111 01111111 00000000 00000000
 00000000 10000000 01111111 01111111 01111111 01111111 00000000 00000000
 00000000 10000000 01111111 01111111 01111111 01111111 00000000 00000000
 00000000 10000000 01111111 01111111 01111111 01111111 00000000 00000000
 00000000 10000000 01111111 01111111 01111111 01111111 00000000 00000000
 00000000 10000000 01111111 01111111 01111111 01111111 00000000 00000000
 00000000 10000000 01111111 01111111 01111111 01111111 00000000 00000000
 00000000 10000000 01111111 01111111 01111111 01111111 00000000 00000000
 00000000 10000000 01111111 01111111 01111111 01111111 00000000 00000000
 00000000 10000000 01111111 01111111 01111111 01111111 00000000 00000000
 00000000 10000000 01111111 01111111 01111111 01111111 00000000 00000000
 00000000 10000000 01111111 01111111 01111111 01111111 00000000 00000000
 00000000 10000000 01111111 01111111 01111111 01111111 00000000 00000000
 00000000 10000000 01111111 01111111 01111111 01111111 00000000 00000000
 00000000 10000000 01111111 01111111 01111111 01111111 00000000 00000000
 00000000 10000000 01111111 01111111 01111111 01111111 00000000 00000000
 00000000 10000000 01111111 01111111 01111111 01111111 00000000 00000000
 00000000 10000000 01111111 01111111 01111111 01111111 00000000 00000000
 00000000 10000000 01111111 01111111 01111111 01111111 00000000 00000000
 00000000 10000000 01111111 01111111 01111111 01111111 00000000 00000000
 00000000 10000000 01111111 01111111 01111111 01111111 00000000 00000000
 00000000 10000000 01111111 01111111 01111111 01111111 00000000 00000000
 00000000 10000000 01111111 01111111 01111111 01111111 00000000 00000000
 00000000 10000000 01111111 01111111 01111111 01111111 00000000 00000000
 00000000 10000000 01111111 01111111 01111111 01111111 00000000 00000000
 00000000 10000000 01111111 01111111 01111111 01111111 00000000 00000000
 00000000 10000000 01111111 01111111 01111111 01111111 00000000 00000000
 00000000 10000000 01111111 01111111 01111111 01111111 00000000 00000000
 00000000 10000000 01111111 01111111 01111111 01111111 00000000 00000000
 00000000 10000000 01111111 01111111 01111111 01111111 00000000 00000000
 00000000 10000000 01111111 01111111 01111111 01111111 00000000 00000000
 00000000 10000000 01111111 01111111 01111111 01111111 00000000 00000000
 00000000 10000000 01111111 01111111 01111111 01111111 00000000 00000000
 00000000 10000000 01111111 01111111 01111111 01111111 00000000 00000000
 00000000 10000000 01111111 01111111 01111111 01111111 00000000 00000000
 00000000 10000000 01111111 01111111 01111111 01111111 00000000 00000000
 00000000 10000000 01111111 01111111 01111111 01111111 00000000 00000000
 00000000 10000000 01111111 01111111 01111111 01111111 00000000 00000000
 00000000 10000000 01111111 01111111 01111111 01111111 00000000 00000000
 00000000 10000000 01111111 01111111 01111111 01111111 00000000 00000000
 00000000 10000000 01111111 01111111 01111111 01111111 00000000 00000000
 00000000 10000000 01111111 01111111 01111111 01111111 00000000 00000000
 00000000 10000000 01111111 01111111 01111111 01111111 00000000 00000000
 00000000 10000000 01111111 01111111 01111111 01111111 00000000 00000000
 00000000 10000000 01111111 01111111 01111111 01111111 00000000 00000000
 00000000 10000000 01111111 01111111 01111111 01111111 00000000 00000000
 00000000 10000000 01111111 01111111 01111111 01111111 00000000 00000000
 00000000 10000000 01111111 01111111 01111111 01111111 00000000 00000000
 00000000 10000000 01111111 01111111 01111111 01111111 00000000 00000000
 00000000 10000000 01111111 01111111 01111111 01111111 00000000 00000000
 00000000 10000000 01111111 01111111 01111111 01111111 00000000 00000000
 00000000 10000000 01111111 01111111 01111111 01111111 00000000 00000000
 00000000 10000000 01111111 01111111 01111111 01111111 00000000 00000000
 00000000 10000000 01111111 01111111 01111111 01111111 00000000 00000000
 00000000 10000000 01111111 01111111 01111111 01111111 00000000 00000000
 00000000 10000000 01111111 01111111 01111111 01111111 00000000 00000000
 00000000 10000000 01111111 01111111 01111111 01111111 00000000 00000000
 00000000 10000000 01111111 01111111 01111111 01111111 00000000 00000000
 00000000 10000000 01111111 01111111 01111111 01111111 00000000 00000000
 00000000 10000000 01111111 01111111 01111111 01111111 00000000 00000000
 00000000 10000000 01111111 01111111 01111111 01111111 00000000 00000000
 00000000 10000000 01111111 01111111 01111111 01111111 00000000 00000000
 00000000 10000000 01111111 01111111 01111111 01111111 00000000 00000000
 00000000 10000000 01111111 01111111 01111111 01111111 00000000 00000000
 00000000 10000000 01111111 01111111 01111111 01111111 00000000 00000000
 00000000 10000000 01111111 01111111 01111111 01111111 00000000 00000000
 00000000 10000000 01111111 01111111 01111111 01111111 00000000 00000000
 00000000 10000000 01111111 01111111 01111111 01111111 00000000 00000000
 00000000 10000000 01111111 01111111 01111111 01111111 00000000 00000000
 00000000 10000000 01111111 01111111 01111111 01111111 00000000 00000000
 00000000 10000000 01111111 01111111 01111111 01111111 00000000 00000000
 00000000 10000000 01111111 01111111 01111111 01111111 00000000 00000000
 00000000 10000000 01111111 01111111 01111111 01111111 00000000 00000000
 00000000 10000000 01111111 01111111 01111111 01111111 00000000 00000000
 00000000 10000000 01111111 01111111 01111111 01111111 00000000 00000000
 00000000 10000000 01111111 01111111 01111111 01111111 00000000 00000000
 00000000 10000000 01111111 01111111 01111111 01111111 00000000 00000000
 00000000 10000000 01111111 01111111 01111111 01111111 00000000 00000000
 00000000 10000000 01111111 01111111 01111111 01111111 00000000 00000000
 00000000 10000000 01111111 01111111 01111111 01111111 00000000 00000000
 00000000 10000000 01111111 01111111 01111111 01111111 00000000 00000000
 00000000 10000000 01111111 01111111 01111111 01111111 00000000 00000000
 00000000 10000000 01111111 01111111 01111111 01111111 00000000 00000000
 00000000 10000000 01111111 01111111 01111111 01111111 00000000 00000000
 00000000 10000000 01111111 01111111 01111111 01111111 00000000 00000000
 00000000 10000000 01111111 01111111 01111111 01111111 00000000 00000000
 00000000 10000000 01111111 01111111 01111111 01111111 00000000 00000000
 00000000 10000000 01111111 01111111 01111111 01111111 00000000 00000000
 00000000 10000000 01111111 01111111 01111111 01111111 00000000 00000000
 00000000 10000000 01111111 01111111 01111111 01111111 00000000 00000000
 00000000 10000000 01111111 01111111 01111111 01111111 00000000 00000000
 00000000 10000000 01111111 01111111 01111111 01111111 00000000 00000000
 00000000 10000000 01111111 01111111 01111111 01111111 00000000 00000000
 00000000 10000000 01111111 01111111 01111111 01111111 00000000 00000000
 00000000 10000000 01111111 01111111 01111111 01111111 00000000 00000000
 00000000 10000000 01111111 01111111 01111111 01111111 00000000 00000000
 00000000 10000000 01111111 01111111 01111111 01111111 00000000 00000000
 00000000 10000000 01111111 01111111 01111111 01111111 00000000 00000000
 00000000 10000000 01111111 01111111 01111111 01111111 00000000 00000000
 00000000 10000000 01111111 01111111 01111111 01111111 00000000 00000000
 00000000 10000000 01111111 01111111 01111111 01111111 00000000 00000000
 00000000 10000000 01111111 01111111 01111111 01111111 00000000 00000000
 00000000 10000000 01111111 01111111 01111111 01111111 00000000 00000000
 00000000 10000000 01111111 01111111 01111111 01111111 00000000 00000000
 00000000 10000000 01111111 01111111 01111111 01111111 00000000 00000000
 00000000 10000000 01111111 01111111 01111111 01111111 00000000 00000000
 00000000 10000000 01111111 01111111 01111111 01111111 00000000 00000000
 00000000 10000000 01111111 01111111 01111111 01111111 00000000 00000000
 00000000 10000000 01111111 01111111 01111111 01111111 00000000 00000000
 00000000 10000000 01111111 01111111 01111111 01111111 00000000 00000000
 00000000 10000000 01111111 01111111 01111111 01111111 00000000 00000000
 00000000 10000000 01111111 01111111 01111111 01111111 00000000 00000000
 00000000 10000000 01111111 01111111 01111111 01111111 00000000 00000000
 00000000 10000000 01111111 01111111 01111111 01111111 00000000 00000000
 00000000 10000000 01111111 01111111 01111111 01111111 00000000 00000000
 00000000 10000000 01111111 01111111 01111111 01111111 00000000 00000000
 00000000 10000000 01111111 01111111 01111111 01111111 00000000 00000000
 00000000 10000000 01111111 01111111 01111111 01111111 00000000 00000000
 00000000 10000000 01111111 01111111 01111111 01111111 00000000 00000000
 00000000 10000000 01111111 01111111 01111111 01111111 00000000 00000000
 00000000 10000000 01111111 01111111 01111111 01111111 00000000 00000000
 00000000 10000000 01111111 01111111 01111111 01111111 00000000 00000000
 00000000 10000000 01111111 01111111 01111111 01111111 00000000 00000000
 00000000 10000000 01111111 01111111 01111111 01111111 00000000 00000000
 00000000 10000000 01111111 01111111 01111111 01111111 00000000 00000000
 00000000 10000000 01111111 01111111 01111111 01111111 00000000 00000000
 00000000 10000000 01111111 01111111 01111111 01111111 00000000 00000000
 00000000 10000000 01111111 01111111 01111111 01111111 00000000 00000000
 00000000 10000000 01111111 01111111 01111111 01111111 00000000 00000000
 00000000 10000000 01111111 01111111 01111111 01111111 00000000 00000000
 00000000 10000000 01111111 01111111 01111111 01111111 00000000 00000000
 00000000 10000000 01111111 01111111 01111111 01111111 00000000 00000000
 00000000 10000000 01111111 01111111 01111111 01111111 00000000 00000000
 00000000 10000000 01111111 01111111 01111111 01111111 00000000 00000000
 00000000 10000000 01111111 01111111 01111111 01111111 00000000 00000000
 00000000 10000000 01111111 01111111 01111111 01111111 00000000 00000000
 00000000 10000000 01111111 01111111 01111111 01111111 00000000 00000000
 00000000 10000000 01111111 01111111 01111111 01111111 00000000 00000000
 00000000 10000000 01111111 01111111 01111111 01111111 00000000 00000000
 00000000 10000000 01111111 01111111 01111111 01111111 00000000 00000000
 00000000 10000000 01111111 01111111 01111111 01111111 00000000 00000000
 00000000 10000000 01111111 01111111 01111111 01111111 00000000 00000000
 00000000 10000000 01111111 01111111 01111111 01111111 00000000 00000000
 00000000 10000000 01111111 01111111 01111111 01111111 00000000 00000000
 00000000 10000000 01111111 01111111 01111111 01111111 00000000 00000000
 00000000 10000000 01111111 01111111 01111111 01111111 00000000 00000000
 00000000 10000000 01111111 01111111 01111111 01111111 00000000 00000000
 00000000 10000000 01111111 01111111 01111111 01111111 00000000 00000000
 00000000 10000000 01111111 01111111 01111111 01111111 00000000 00000000
 00000000 10000000 01111111 01111111 01111111 01111111 00000000 00000000
 00000000 10000000 01111111 01111111 01111111 01111111 00000000 00000000
 00000000 10000000 01111111 01111111 01111111 01111111 00000000 00000000
 00000000 10000000 01111111 01111111 01111111 01111111 00000000 00000000
 00000000 10000000 01111111 01111111 01111111 01111111 00000000 00000000
 00000000 10000000 01111111 01111111 01111111 01111111 00000000 00000000
 00000000 10000000 01111111 01111111 01111111 01111111 00000000 00000000
 00000000 10000000 01111111 01111111 01111111 01111111 00000000 00000000
 00000000 10000000 01111111 01111111 01111111 01111111 00000000 00000000
 00000000 10000000 01111111 01111111 01111111 01111111 00000000 00000000
 00000000 10000000 01111111 01111111 01111111 01111111 00000000 00000000
 00000000 10000000 01111111 01111111 01111111 01111111 00000000 00000000
 00000000 10000000 01111111 01111111 01111111 01111111 00000000 00000000
 00000000 10000000 01111111 01111111 01111111 01111111 00000000 00000000
 00000000 10000000 01111111 01111111 01111111 01111111 00000000 00000000
 00000000 10000000 01111111 01111111 01111111 01111111 00000000 00000000
 00000000 10000000 01111111 01111111 01111111 01111111 00000000 00000000
 00000000 10000000 01111111 01111111 01111111 01111111 00000000 00000000
 00000000 10000000 01111111 01111111 01111111 01111111 00000000 00000000
 00000000 10000000 01111111 01111111 01111111 01111111 00000000 00000000
 00000000 10000000 01111111 01111111 01111111 01111111 00000000 00000000
 00000000 10000000 01111111 01111111 01111111 01111111 00000000 00000000
 00000000 10000000 01111111 01111111 01111111 01111111 00000000 00000000
 00000000 10000000 01111111 01111111 01111111 01111111 00000000 00000000
 00000000 10000000 01111111 01111111 01111111 01111111 00000000 00000000
 00000000 10000000 01111111 01111111 01111111 01111111 00000000 00000000
 00000000 10000000 01111111 01111111 01111111 01111111 00000000 00000000
 00000000 10000000 01111111 01111111 01111111 01111111 00000000 00000000
 00000000 10000000 01111111 01111111 01111111 01111111 00000000 00000000
 00000000 10000000 01111111 01111111 01111111 01111111 00000000 00000000
 00000000 10000000 01111111 01111111 01111111 01111111 00000000 00000000
 00000000 10000000 01111111 01111111 01111111 01111111 00000000 00000000
 00000000 10000000 01111111 01111111 01111111 01111111 00000000 00000000
 00000000 10000000 01111111 01111111 01111111 01111111 00000000 00000000
 00000000 10000000 01111111 01111111 01111111 01111111 00000000 00000000
 00000000 10000000 01111111 01111111 01111111 01111111 00000000 00000000
 00000000 10000000 01111111 01111111 01111111 01111111 00000000 00000000
 00000000 10000000 01111111 01111111 01111111 01111111 00000000 00000000
 00000000 10000000 01111111 01111111 01111111 01111111 00000000 00000000
 00000000 10000000 01111111 01111111 01111111 01111111 00000000 00000000
 00000000 10000000 01111111 01111111 01111111 01111111 00000000 00000000
 00000000 10000000 01111111 01111111 01111111 01111111 00000000 00000000
 00000000 10000000 01111111 01111111 01111111 01111111 00000000 00000000
 00000000 10000000 01111111 01111111 01111111 01111111 00000000 00000000
 00000000 10000000 01111111 01111111 01111111 01111111 00000000 00000000
 00000000 10000000 01111111 01111111 01111111 01111111 00000000 00000000
 00000000 10000000 01111111 01111111 01111111 01111111 00000000 00000000
 00000000 10000000 01111111 01111111 01111111 01111111 00000000 00000000
 00000000 10000000 01111111 01111111 01111111 01111111 00000000 00000000
 00000000 10000000 01111111 01111111 01111111 01111111 00000000 00000000
 00000000 10000000 01111111 01111111 01111111 01111111 00000000 00000000
 00000000 10000000 01111111 01111111 01111111 01111111 00000000 00000000
 00000000 10000000 01111111 01111111 01111111 01111111 00000000 00000000
 00000000 10000000 01111111 01111111 01111111 01111111 00000000 00000000
 00000000 10000000 01111111 01111111 01111111 01111111 00000000 00000000
 00000000 10000000 01111111 01111111 01111111 01111111 00000000 00000000
 00000000 10000000 01111111 01111111 01111111 01111111 00000000 00000000
 00000000 10000000 01111111 01111111 01111111 01111111 00000000 00000000
 00000000 10000000 01111111 01111111 01111111 01111111 00000000 00000000
 00000000 10000000 01111111 01111111 01111111 01111111 00000000 00000000
 00000000 10000000 01111111 01111111 01111111 01111111 00000000 00000000
 00000000 10000000 01111111 01111111 01111111 01111111 00000000 00000000
 00000000 10000000 01111111 01111111 01111111 01111111 00000000 00000000
 00000000 10000000 01111111 01111111 01111111 01111111 00000000 00000000
 00000000 10000000 01111111 01111111 01111111 01111111 00000000 00000000
 00000000 10000000 01111111 01111111 01111111 01111111 00000000 00000000
 00000000 10000000 01111111 01111111 01111111 01111111 00000000 00000000
 00000000 10000000 01111111 01111111 01111111 01111111 00000000 00000000
 00000000 10000000 01111111 01111111 01111111 01111111 00000000 00000000
 00000000 10000000 01111111 01111111 01111111 01111111 00000000 00000000
 00000000 10000000 01111111 01111111 01111111 01111111 00000000 00000000
 00000000 10000000 01111111 01111111 01111111 01111111 00000000 00000000
 00000000 10000000 01111111 01111111 01111111 01111111 00000000 00000000
 00000000 10000000 01111111 01111111 01111111 01111111 00000000 00000000
 00000000 10000000 01111111 01111111 01111111 01111111 00000000 00000000
 00000000 10000000 01111111 01111111 01111111 01111111 00000000 00000000
 00000000 10000000 01111111 01111111 01111111 01111111 00000000 00000000
 00000000 10000000 01111111 01111111 01111111 01111111 00000000 00000000
 00000000 10000000 01111111 01111111 01111111 01111111 00000000 00000000
 00000000 10000000 01111111 01111111 01111111 01111111 00000000 00000000
 00000000 10000000 01111111 01111111 01111111 01111111 00000000 00000000
 00000000 10000000 01111111 01111111 01111111 01111111 00000000 00000000
 00000000 10000000 01111111 01111111 01111111 01111111 00000000 00000000
 00000000 10000000 01111111 01111111 01111111 01111111 00000000 00000000
 00000000 10000000 01111111 01111111 01111111 01111111 00000000 00000000
 00000000 10000000 01111111 01111111 01111111 01111111 00000000 00000000
 00000000 10000000 01111111 01111111 01111111 01111111 00000000 00000000
 00000000 10000000 01111111 01111111 01111111 01111111 00000000 00000000
 00000000 10000000 01111111 01111111 01111111 01111111 00000000 00000000
 00000000 10000000 01111111 01111111 01111111 01111111 00000000 00000000
 00000000 10000000 01111111 01111111 01111111 01111111 00000000 00000000
 00000000 10000000 01111111 01111111 01111111 01111111 00000000 00000000
 00000000 10000000 01111111 01111111 01111111 01111111 00000000 00000000
 00000000 10000000 01111111 01111111 01111111 01111111 00000000 00000000
 00000000 10000000 01111111 01111111 01111111 01111111 00000000 00000000
 00000000 10000000 01111111 01111111 01111111 01111111 00000000 00000000
 00000000 10000000 01111111 01111111 01111111 01111111 00000000 00000000
 00000000 10000000 01111111 01111111 01111111 01111111 00000000 00000000
 00000000 10000000 01111111 01111111 01111111 01111111 00000000 00000000
 00000000 10000000 01111111 01111111 01111111 01111111 00000000 00000000
 00000000 10000000 01111111 01111111 01111111 01111111 00000000 00000000
 00000000 10000000 01111111 01111111 01111111 01111111 00000000 00000000
 00000000 10000000 01111110 01111111 01111111 01111111 00000000 00000000
 00000000 10000000 01111001 01111111 01111111 01111111 00000000 00000000
 00000000 10000000 01110010 01111111 01111111 01111111 00000000 00000000
 00000000 10000000 01101011 01111111 01111111 01111111 00000000 00000000
 00000000 10000000 01100111 01111111 01111111 01111111 00000000 00000000
 00000000 10000000 01100010 01111111 01111111 01111111 00000000 00000000
 00000000 10000000 01011110 01111111 01111111 01111111 00000000 00000000
 00000000 10000000 01011001 01111111 01111111 01111111 00000000 00000000
 00000000 10000000 01010101 01111111 01111111 01111111 00000000 00000000
 00000000 10000000 01010001 01111111 01111111 01111111 00000000 00000000
 00000000 10000000 01001101 01111111 01111111 01111111 00000000 00000000
 00000000 10000000 01001001 01111111 01111111 01111111 00000000 00000000
 00000000 10000000 01000101 01111111 01111111 01111111 00000000 00000000
 00000000 10000000 01000010 01111111 01111111 01111111 00000000 00000000
 00000000 10000000 00111111 01111111 01111111 01111111 00000000 00000000
 00000000 10000000 00111110 01111111 01111111 01111111 00000000 00000000
 00000000 10000000 00111011 01111111 01111111 01111111 00000000 00000000
 00000000 10000000 00110111 01111111 01111111 01111111 00000000 00000000
 00000000 10000000 00110010 01111111 01111111 01111111 00000000 00000000
 00000000 10000000 00101011 01111111 01111111 01111111 00000000 00000000
 00000000 10000000 00100100 01111111 01111111 01111111 00000000 00000000
 00000000 10000000 00011111 01111111 01111111 01111111 00000000 00000000
 00000000 10000000 00011011 01111111 01111111 01111111 00000000 00000000
 00000000 10000000 00011000 01111111 01111111 01111111 00000000 00000000
 00000000 10000000 00010011 01111111 01111111 01111111 00000000 00000000
 00000000 10000000 00010000 01111111 01111111 01111111 00000000 00000000
 00000000 10000000 00010000 01111111 01111111 01111111 00000000 00000000
 00000000 10000000 00010000 01111111 01111111 01111111 00000000 00000000
 00000000 10000000 00010000 01111111 01111111 01111111 00000000 00000000
 00000000 10000000 00010000 01111111 01111111 01111111 00000000 00000000
 00000000 10000000 00010000 01111111 01111111 01111111 00000000 00000000
 00000000 10000000 00010000 01111111 01111111 01111111 00000000 00000000
 00000000 10000000 00010000 01111111 01111111 01111111 00000000 00000000
 00000000 10000000 00010000 01111111 01111111 01111111 00000000 00000000
 00000000 10000000 00010000 01111111 01111111 01111111 00000000 00000000
 00000000 10000000 00010000 01111111 01111111 01111111 00000000 00000000
 00000000 10000000 00010000 01111111 01111111 01111111 00000000 00000000
 00000000 10000000 00010000 01111111 01111111 01111111 00000000 00000000
 00000000 10000000 00010000 01111111 01111111 01111111 00000000 00000000
 00000000 10000000 00010000 01111111 01111111 01111111 00000000 00000000
 00000000 10000000 00010000 01111111 01111111 01111111 00000000 00000000
 00000000 10000000 00010000 01111111 01111111 01111111 00000000 00000000
 00000000 10000000 00010000 01111111 01111111 01111111 00000000 00000000
 00000000 10000000 00010000 01111111 01111111 01111111 00000000 00000000
 00000000 10000000 00010000 01111111 01111111 01111111 00000000 00000000
 00000000 10000000 00010000 01111111 01111111 01111111 00000000 00000000
 00000000 10000000 00010000 01111111 01111111 01111111 00000000 00000000
 00000000 10000000 00010000 01111111 01111111 01111111 00000000 00000000
 00000000 10000000 00010000 01111111 01111111 01111111 00000000 00000000
 00000000 10000000 00010000 01111111 01111111 01111111 00000000 00000000
 00000000 10000000 00010000 01111111 01111111 01111111 00000000 00000000
 00000000 10000000 00010000 01111111 01111111 01111111 00000000 00000000
 00000000 10000000 00010000 01111111 01111111 01111111 00000000 00000000
 00000000 10000000 00010000 01111111 01111111 01111111 00000000 00000000
 00000000 10000000 00010000 01111111 01111111 01111111 00000000 00000000
 00000000 10000000 00010000 01111111 01111111 01111111 00000000 00000000
 00000000 10000000 00010000 01111111 01111111 01111111 00000000 00000000
 00000000 10000000 00010000 01111111 01111111 01111111 00000000 00000000
 00000000 10000000 00010000 01111111 01111111 01111111 00000000 00000000
 00000000 10000000 00010000 01111111 01111111 01111111 00000000 00000000
 00000000 10000000 00010000 01111111 01111111 01111111 00000000 00000000
 00000000 10000000 00010000 01111111 01111111 01111111 00000000 00000000
 00000000 10000000 00010000 01111111 01111111 01111111 00000000 00000000
 00000000 10000000 00010000 01111111 01111111 01111111 00000000 00000000
 00000000 10000000 00010000 01111111 01111111 01111111 00000000 00000000
 00000000 10000000 00010000 01111111 01111111 01111111 00000000 00000000
 00000000 10000000 00010000 01111111 01111111 01111111 00000000 00000000
 00000000 10000000 00010000 01111111 01111111 01111111 00000000 00000000
 00000000 10000000 00010000 01111111 01111111 01111111 00000000 00000000
 00000000 10000000 00010000 01111111 01111111 01111111 00000000 00000000
 00000000 10000000 00010000 01111111 01111111 01111111 00000000 00000000
 00000000 10000000 00010000 01111111 01111111 01111111 00000000 00000000
 00000000 10000000 00010000 01111111 01111111 01111111 00000000 00000000
 00000000 10000000 00010000 01111111 01111111 01111111 00000000 00000000
 00000000 10000000 00010000 01111111 01111111 01111111 00000000 00000000
 00000000 10000000 00010000 01111111 01111111 01111111 00000000 00000000
 00000000 10000000 00010000 01111111 01111111 01111111 00000000 00000000
 00000000 10000000 00010000 01111111 01111111 01111111 00000000 00000000
 00000000 10000000 00010000 01111111 01111111 01111111 00000000 00000000
 00000000 10000000 00010000 01111111 01111111 01111111 00000000 00000000
 00000000 10000000 00010000 01111111 01111111 01111111 00000000 00000000
 00000000 10000000 00010000 01111111 01111111 01111111 00000000 00000000
 00000000 10000000 00010000 01111111 01111111 01111111 00000000 00000000
 00000000 10000000 00010000 01111111 01111111 01111111 00000000 00000000
 00000000 10000000 00010000 01111111 01111111 01111111 00000000 00000000
 00000000 10000000 00010000 01111111 01111111 01111111 00000000 00000000
 00000000 10000000 00010000 01111111 01111111 01111111 00000000 00000000
 00000000 10000000 00010000 01111111 01111111 01111111 00000000 00000000
 00000000 10000000 00010000 01111111 01111111 01111111 00000000 00000000
 00000000 10000000 00010000 01111111 01111111 01111111 00000000 00000000
 00000000 10000000 00010000 01111111 01111111 01111111 00000000 00000000
 00000000 10000000 00010000 01111111 01111111 01111111 00000000 00000000
 00000000 10000000 00010000 01111111 01111111 01111111 00000000 00000000
 00000000 10000000 00010000 01111111 01111111 01111111 00000000 00000000
 00000000 10000000 00010000 01111111 01111111 01111111 00000000 00000000
 00000000 10000000 00010000 01111111 01111111 01111111 00000000 00000000
 00000000 10000000 00010000 01111111 01111111 01111111 00000000 00000000
 00000000 10000000 00010000 01111111 01111111 01111111 00000000 00000000
 00000000 10000000 00010000 01111111 01111111 01111111 00000000 00000000
 00000000 10000000 00010000 01111111 01111111 01111111 00000000 00000000
 00000000 10000000 00010000 01111111 01111111 01111111 00000000 00000000
 00000000 10000000 00010000 01111111 01111111 01111111 00000000 00000000
 00000000 10000000 00010000 01111111 01111111 01111111 00000000 00000000
 00000000 10000000 00010000 01111111 01111111 01111111 00000000 00000000
 00000000 10000000 00010000 01111111 01111111 01111111 00000000 00000000
 00000000 10000000 00010000 01111111 01111111 01111111 00000000 00000000
 00000000 10000000 00010000 01111111 01111111 01111111 00000000 00000000
 00000000 10000000 00010000 01111111 01111111 01111111 00000000 00000000
 00000000 10000000 00010000 01111111 01111111 01111111 00000000 00000000
 00000000 10000000 00010000 01111111 01111111 01111111 00000000 00000000
 00000000 10000000 00010000 01111111 01111111 01111111 00000000 00000000
 00000000 10000000 00010000 01111111 01111111 01111111 00000000 00000000
 00000000 10000000 00010000 01111111 01111111 01111111 00000000 00000000
 00000000 10000000 00010000 01111111 01111111 01111111 00000000 00000000
 00000000 10000000 00010000 01111111 01111111 01111111 00000000 00000000
 00000000 10000000 00010000 01111111 01111111 01111111 00000000 00000000
 00000000 10000000 00010000 01111111 01111111 01111111 00000000 00000000
 00000000 10000000 00010000 01111111 01111111 01111111 00000000 00000000
 00000000 10000000 00010000 01111111 01111111 01111111 00000000 00000000
 00000000 10000000 00010000 01111111 01111111 01111111 00000000 00000000
 00000000 10000000 00010000 01111111 01111111 01111111 00000000 00000000
 00000000 10000000 00010000 01111111 01111111 01111111 00000000 00000000
 00000000 10000000 00010000 01111111 01111111 01111111 00000000 00000000
 00000000 10000000 00010000 01111111 01111111 01111111 00000000 00000000
 00000000 10000000 00010000 01111111 01111111 01111111 00000000 00000000
 00000000 10000000 00010000 01111111 01111111 01111111 00000000 00000000
 00000000 10000000 00010000 01111111 01111111 01111111 00000000 00000000
 00000000 10000000 00010000 01111111 01111111 01111111 00000000 00000000
 00000000 10000000 00010000 01111111 01111111 01111111 00000000 00000000
 00000000 10000000 00010000 01111111 01111111 01111111 00000000 00000000
 00000000 10000000 00010000 01111111 01111111 01111111 00000000 00000000
 00000000 10000000 00010000 01111111 01111111 01111111 00000000 00000000
 00000000 10000000 00010000 01111111 01111111 01111111 00000000 00000000
 00000000 10000000 00010000 01111111 01111111 01111111 00000000 00000000
 00000000 10000000 00010000 01111111 01111111 01111111 00000000 00000000
 00000000 10000000 00010000 01111111 01111111 01111111 00000000 00000000
 00000000 10000000 00010000 01111111 01111111 01111111 00000000 00000000
 00000000 10000000 00010000 01111111 01111111 01111111 00000000 00000000
 00000000 10000000 00010000 01111111 01111111 01111111 00000000 00000000
 00000000 10000000 00010010 01111111 01111111 01111111 00000000 00000000
 00000000 10000000 00010100 01111111 01111111 01111111 00000000 00000000
 00000000 10000000 00010101 01111111 01111111 01111111 00000000 00000000
 00000000 10000000 00010110 01111111 01111111 01111111 00000000 00000000
 00000000 10000000 00010111 01111111 01111111 01111111 00000000 00000000
 00000000 10000000 00011000 01111111 01111111 01111111 00000000 00000000
 00000000 10000000 00011001 01111111 01111111 01111111 00000000 00000000
 00000000 10000000 00011010 01111111 01111111 01111111 00000000 00000000
 00000000 10000000 00011010 01111111 01111111 01111111 00000000 00000000
 00000000 10000000 00011011 01111111 01111111 01111111 00000000 00000000
 00000000 10000000 00011100 01111111 01111111 01111111 00000000 00000000
 00000000 10000000 00011100 01111111 01111111 01111111 00000000 00000000
 00000000 10000000 00011101 01111111 01111111 01111111 00000000 00000000
 00000000 10000000 00011101 01111111 01111111 01111111 00000000 00000000
 00000000 10000000 00011101 01111111 01111111 01111111 00000000 00000000
 00000000 10000000 00011110 01111111 01111111 01111111 00000000 00000000
 00000000 10000000 00100001 01111111 01111111 01111111 00000000 00000000
 00000000 10000000 00100110 01111111 01111111 01111111 00000000 00000000
 00000000 10000000 00101010 01111111 01111111 01111111 00000000 00000000
 00000000 10000000 00101101 01111111 01111111 01111111 00000000 00000000
 00000000 10000000 00110001 01111111 01111111 01111111 00000000 00000000
 00000000 10000000 00110101 01111111 01111111 01111111 00000000 00000000
 00000000 10000000 00111001 01111111 01111111 01111111 00000000 00000000
 00000000 10000000 00111100 01111111 01111111 01111111 00000000 00000000
 00000000 10000000 01000001 01111111 01111111 01111111 00000000 00000000
 00000000 10000000 01001001 01111111 01111111 01111111 00000000 00000000
 00000000 10000000 01001111 01111111 01111111 01111111 00000000 00000000
 00000000 10000000 01010111 01111111 01111111 01111111 00000000 00000000
 00000000 10000000 01011111 01111111 01111111 01111111 00000000 00000000
 00000000 10000000 01101000 01111111 01111111 01111111 00000000 00000000
 00000000 10000000 01110100 01111111 01111111 01111111 00000000 00000000
 00000000 10000000 01111101 01111111 01111111 01111111 00000000 00000000
 00000000 10000000 01111111 01111111 01111111 01111111 00000000 00000000
 00000000 10000000 01111111 01111111 01111111 01111111 00000000 00000000
 00000000 10000000 01111111 01111111 01111111 01111111 00000000 00000000
 00000000 10000000 01111111 01111111 01111111 01111111 00000000 00000000
 00000000 10000000 01111111 01111111 01111111 01111111 00000000 00000000
 00000000 10000000 01111111 01111111 01111111 01111111 00000000 00000000
 00000000 10000000 01111111 01111111 01111111 01111111 00000000 00000000
 00000000 10000000 01111111 01111111 01111111 01111111 00000000 00000000
 00000000 10000000 01111111 01111111 01111111 01111111 00000000 00000000
 00000000 10000000 01111111 01111111 01111111 01111111 00000000 00000000
 00000000 10000000 01111111 01111111 01111111 01111111 00000000 00000000
 00000000 10000000 01111111 01111111 01111111 01111111 00000000 00000000
 00000000 10000000 01111111 01111111 01111111 01111111 00000000 00000000
 00000000 10000000 01111111 01111111 01111111 01111111 00000000 00000000
 00000000 10000000 01111111 01111111 01111111 01111111 00000000 00000000
 00000000 10000000 01111111 01111111 01111111 01111111 00000000 00000000
 00000000 10000000 01111111 01111111 01111111 01111111 00000000 00000000
 00000000 10000000 01111111 01111111 01111111 01111111 00000000 00000000
 00000000 10000000 01111111 01111111 01111111 01111111 00000000 00000000
 00000000 10000000 01111111 01111111 01111111 01111111 00000000 00000000
 00000000 10000000 01111111 01111111 01111111 01111111 00000000 00000000
 00000000 10000000 01111111 01111111 01111111 01111111 00000000 00000000
 00000000 10000000 01111111 01111111 01111111 01111111 00000000 00000000
 00000000 10000000 01111111 01111111 01111111 01111111 00000000 00000000
 00000000 10000000 01111111 01111111 01111111 01111111 00000000 00000000
 00000000 10000000 01111111 01111111 01111111 01111111 00000000 00000000
 00000000 10000000 01111111 01111111 01111111 01111111 00000000 00000000
 00000000 10000000 01111111 01111111 01111111 01111111 00000000 00000000
 00000000 10000000 01111111 01111111 01111111 01111111 00000000 00000000
 00000000 10000000 01111111 01111111 01111111 01111111 00000000 00000000
 00000000 10000000 01111111 01111111 01111111 01111111 00000000 00000000
 00000000 10000000 01111111 01111111 01111111 01111111 00000000 00000000
 00000000 10000000 01111111 01111111 01111111 01111111 00000000 00000000
 00000000 10000000 01111111 01111111 01111111 01111111 00000000 00000000
 00000000 10000000 01111111 01111111 01111111 01111111 00000000 00000000
 00000000 10000000 01111111 01111111 01111111 01111111 00000000 00000000
 00000000 10000000 01111111 01111111 01111111 01111111 00000000 00000000
 00000000 10000000 01111111 01111111 01111111 01111111 00000000 00000000
 00000000 10000000 01111111 01111111 01111111 01111111 00000000 00000000
 00000000 10000000 01111111 01111111 01111111 01111111 00000000 00000000
 00000000 10000000 01111111 01111111 01111111 01111111 00000000 00000000
 00000000 10000000 01111111 01111111 01111111 01111111 00000000 00000000
 00000000 10000000 01111111 01111111 01111111 01111111 00000000 00000000
 00000000 10000000 01111111 01111111 01111111 01111111 00000000 00000000
 00000000 10000000 01111111 01111111 01111111 01111111 00000000 00000000
 00000000 10000000 01111111 01111111 01111111 01111111 00000000 00000000
 00000000 10000000 01111111 01111111 01111111 01111111 00000000 00000000
 00000000 10000000 01111111 01111111 01111111 01111111 00000000 00000000
 00000000 10000000 01111111 01111111 01111111 01111111 00000000 00000000
 00000000 10000000 01111111 01111111 01111111 01111111 00000000 00000000
 00000000 10000000 01111111 01111111 01111111 01111111 00000000 00000000
 00000000 10000000 01111111 01111111 01111111 01111111 00000000 00000000
 00000000 10000000 01111111 01111111 01111111 01111111 00000000 00000000
 00000000 10000000 01111111 01111111 01111111 01111111 00000000 00000000
 00000000 10000000 01111111 01111111 01111111 01111111 00000000 00000000
 00000000 10000000 01111111 01111111 01111111 01111111 00000000 00000000
 00000000 10000000 01111111 01111111 01111111 01111111 00000000 00000000
 00000000 10000000 01111111 01111111 01111111 01111111 00000000 00000000
 00000000 10000000 01111111 01111111 01111111 01111111 00000000 00000000
 00000000 10000000 01111111 01111111 01111111 01111111 00000000 00000000
 00000000 10000000 01111111 01111111 01111111 01111111 00000000 00000000
 00000000 10000000 01111111 01111111 01111111 01111111 00000000 00000000
 00000000 10000000 01111111 01111111 01111111 01111111 00000000 00000000
 00000000 10000000 01111111 01111111 01111111 01111111 00000000 00000000
 00000000 10000000 01111111 01111111 01111111 01111111 00000000 00000000
 00000000 10000000 01111111 01111111 01111111 01111111 00000000 00000000
 00000000 10000000 01111111 01111111 01111111 01111111 00000000 00000000
 00000000 10000000 01111111 01111111 01111111 01111111 00000000 00000000
 00000000 10000000 01111111 01111111 01111111 01111111 00000000 00000000
 00000000 10000000 01111111 01111111 01111111 01111111 00000000 00000000
 00000000 10000000 01111111 01111111 01111111 01111111 00000000 00000000
 00000000 10000000 01111111 01111111 01111111 01111111 00000000 00000000
 00000000 10000000 01111111 01111111 01111111 01111111 00000000 00000000
 00000000 10000000 01111111 01111111 01111111 01111111 00000000 00000000
 00000000 10000000 01111111 01111111 01111111 01111111 00000000 00000000
 00000000 10000000 01111111 01111111 01111111 01111111 00000000 00000000
 00000000 10000000 01111111 01111111 01111111 01111111 00000000 00000000
 00000000 10000000 01111111 01111111 01111111 01111111 00000000 00000000
 00000000 10000000 01111111 01111111 01111111 01111111 00000000 00000000
 00000000 10000000 01111111 01111111 01111111 01111111 00000000 00000000
 00000000 10000000 01111111 01111111 01111111 01111111 00000000 00000000
 00000000 10000000 01111111 01111111 01111111 01111111 00000000 00000000
 00000000 10000000 01111111 01111111 01111111 01111111 00000000 00000000
 00000000 10000000 01111111 01111111 01111111 01111111 00000000 00000000
 00000000 10000000 01111111 01111111 01111111 01111111 00000000 00000000
 00000000 10000000 01111111 01111111 01111111 01111111 00000000 00000000
 00000000 10000000 01111111 01111111 01111111 01111111 00000000 00000000
 00000000 10000000 01111111 01111111 01111111 01111111 00000000 00000000
 00000000 10000000 01111111 01111111 01111111 01111111 00000000 00000000
 00000000 10000000 01111111 01111111 01111111 01111111 00000000 00000000
 00000000 10000000 01111111 01111111 01111111 01111111 00000000 00000000
 00000000 10000000 01111111 01111111 01111111 01111111 00000000 00000000
 00000000 10000000 01111111 01111111 01111111 01111111 00000000 00000000
 00000000 10000000 01111111 01111111 01111111 01111111 00000000 00000000
 00000000 10000000 01111111 01111111 01111111 01111111 00000000 00000000
 00000000 10000000 01111111 01111111 01111111 01111111 00000000 00000000
 00000000 10000000 01111111 01111111 01111111 01111111 00000000 00000000
 00000000 10000000 01111111 01111111 01111111 01111111 00000000 00000000
 00000000 10000000 01111111 01111111 01111111 01111111 00000000 00000000
 00000000 10000000 01111111 01111111 01111111 01111111 00000000 00000000
 00000000 10000000 01111111 01111111 01111111 01111111 00000000 00000000
 00000000 10000000 01111111 01111111 01111111 01111111 00000000 00000000
 00000000 10000000 01111111 01111111 01111111 01111111 00000000 00000000
 00000000 10000000 01111111 01111111 01111111 01111111 00000000 00000000
 00000000 10000000 01111111 01111111 01111111 01111111 00000000 00000000
 00000000 10000000 01111111 01111111 01111111 01111111 00000000 00000000
 00000000 10000000 01111111 01111111 01111111 01111111 00000000 00000000
 00000000 10000000 01111111 01111111 01111111 01111111 00000000 00000000
 00000000 10000000 01111111 01111111 01111111 01111111 00000000 00000000
 00000000 10000000 01111111 01111111 01111111 01111111 00000000 00000000
 00000000 10000000 01111111 01111111 01111111 01111111 00000000 00000000
 00000000 10000000 01111111 01111111 01111111 01111111 00000000 00000000
 00000000 10000000 01111111 01111111 01111111 01111111 00000000 00000000
 00000000 10000000 01111111 01111111 01111111 01111111 00000000 00000000
 00000000 10000000 01111111 01111111 01111111 01111111 00000000 00000000
 00000000 10000000 01111111 01111111 01111111 01111111 00000000 00000000
 00000000 10000000 01111111 01111111 01111111 01111111 00000000 00000000
 00000000 10000000 01111111 01111111 01111111 01111111 00000000 00000000
 00000000 10000000 01111111 01111111 01111111 01111111 00000000 00000000
 00000000 10000000 01111111 01111111 01111111 01111111 00000000 00000000
 00000000 10000000 01111111 01111111 01111111 01111111 00000000 00000000
 00000000 10000000 01111111 01111111 01111111 01111111 00000000 00000000
 00000000 10000000 01111111 01111111 01111111 01111111 00000000 00000000
 00000000 10000000 01111111 01111111 01111111 01111111 00000000 00000000
 00000000 10000000 01111111 01111111 01111111 01111111 00000000 00000000
 00000000 10000000 01111111 01111111 01111111 01111111 00000000 00000000
 00000000 10000000 01111111 01111111 01111111 01111111 00000000 00000000
 00000000 10000000 01111111 01111111 01111111 01111111 00000000 00000000
 00000000 10000000 01111111 01111111 01111111 01111111 00000000 00000000
 00000000 10000000 01111111 01111111 01111111 01111111 00000000 00000000
 00000000 10000000 01111111 01111111 01111111 01111111 00000000 00000000
 00000000 10000000 01111111 01111111 01111111 01111111 00000000 00000000
 00000000 10000000 01111111 01111111 01111111 01111111 00000000 00000000
 00000000 10000000 01111111 01111111 01111111 01111111 00000000 00000000
 00000000 10000000 01111111 01111111 01111111 01111111 00000000 00000000
 00000000 10000000 01111111 01111111 01111111 01111111 00000000 00000000
 00000000 10000000 01111111 01111111 01111111 01111111 00000000 00000000
 00000000 10000000 01111111 01111111 01111111 01111111 00000000 00000000
 00000000 10000000 01111111 01111111 01111111 01111111 00000000 00000000
 00000000 10000000 01111111 01111111 01111111 01111111 00000000 00000000
 00000000 10000000 01111111 01111111 01111111 01111111 00000000 00000000
 00000000 10000000 01111111 01111111 01111111 01111111 00000000 00000000
 00000000 10000000 01111111 01111111 01111111 01111111 00000000 00000000
 00000000 10000000 01111111 01111111 01111111 01111111 00000000 00000000
 00000000 10000000 01111111 01111111 01111111 01111111 00000000 00000000
 00000000 10000000 01111111 01111111 01111111 01111111 00000000 00000000
 00000000 10000000 01111111 01111111 01111111 01111111 00000000 00000000
 00000000 10000000 01111111 01111111 01111111 01111111 00000000 00000000
 00000000 10000000 01111111 01111111 01111111 01111111 00000000 00000000
 00000000 10000000 01111111 01111111 01111111 01111111 00000000 00000000
 00000000 10000000 01111111 01111111 01111111 01111111 00000000 00000000
 00000000 10000000 01111111 01111111 01111111 01111111 00000000 00000000
 00000000 10000000 01111111 01111111 01111111 01111111 00000000 00000000
 00000000 10000000 01111111 01111111 01111111 01111111 00000000 00000000
 00000000 10000000 01111111 01111111 01111111 01111111 00000000 00000000
 00000000 10000000 01111111 01111111 01111111 01111111 00000000 00000000
 00000000 10000000 01111111 01111111 01111111 01111111 00000000 00000000
 00000000 10000000 01111111 01111111 01111111 01111111 00000000 00000000
 00000000 10000000 01111111 01111111 01111111 01111111 00000000 00000000
 00000000 10000000 01111111 01111111 01111111 01111111 00000000 00000000
 00000000 10000000 01111111 01111111 01111111 01111111 00000000 00000000
 00000000 10000000 01111111 01111111 01111111 01111111 00000000 00000000
 00000000 10000000 01111111 01111111 01111111 01111111 00000000 00000000
 00000000 10000000 01111111 01111111 01111111 01111111 00000000 00000000
 00000000 10000000 01111111 01111111 01111111 01111111 00000000 00000000
 00000000 10000000 01111111 01111111 01111111 01111111 00000000 00000000
 00000000 10000000 01111111 01111111 01111111 01111111 00000000 00000000
 00000000 10000000 01111111 01111111 01111111 01111111 00000000 00000000
 00000000 10000000 01111111 01111111 01111111 01111111 00000000 00000000
 00000000 10000000 01111111 01111111 01111111 01111111 00000000 00000000
 00000000 10000000 01111111 01111111 01111111 01111111 00000000 00000000
 00000000 10000000 01111111 01111111 01111111 01111111 00000000 00000000
 00000000 10000000 01111111 01111111 01111111 01111111 00000000 00000000
 00000000 10000000 01111111 01111111 01111111 01111111 00000000 00000000
 00000000 10000000 01111111 01111111 01111111 01111111 00000000 00000000
 00000000 10000000 01111111 01111111 01111111 01111111 00000000 00000000
 00000000 10000000 01111111 01111111 01111111 01111111 00000000 00000000
 00000000 10000000 01111111 01111111 01111111 01111111 00000000 00000000
 00000000 10000000 01111111 01111111 01111111 01111111 00000000 00000000
 00000000 10000000 01111111 01111111 01111111 01111111 00000000 00000000
 00000000 10000000 01111111 01111111 01111111 01111111 00000000 00000000
 00000000 10000000 01111111 01111111 01111111 01111111 00000000 00000000
 00000000 10000000 01111111 01111111 01111111 01111111 00000000 00000000
 00000000 10000000 01111111 01111111 01111111 01111111 00000000 00000000
 00000000 10000000 01111111 01111111 01111111 01111111 00000000 00000000
 00000000 10000000 01111111 01111111 01111111 01111111 00000000 00000000
 00000000 10000000 01111111 01111111 01111111 01111111 00000000 00000000
 00000000 10000000 01111111 01111111 01111111 01111111 00000000 00000000
 00000000 10000000 01111111 01111111 01111111 01111111 00000000 00000000
 00000000 10000000 01111111 01111111 01111111 01111111 00000000 00000000
 00000000 10000000 01111111 01111111 01111111 01111111 00000000 00000000
 00000000 10000000 01111111 01111111 01111111 01111111 00000000 00000000
 00000000 10000000 01111111 01111111 01111111 01111111 00000000 00000000
 00000000 10000000 01111111 01111111 01111111 01111111 00000000 00000000
 00000000 10000000 01111111 01111111 01111111 01111111 00000000 00000000
 00000000 10000000 01111111 01111111 01111111 01111111 00000000 00000000
 00000000 10000000 01111111 01111111 01111111 01111111 00000000 00000000
 00000000 10000000 01111111 01111111 01111111 01111111 00000000 00000000
 00000000 10000000 01111111 01111111 01111111 01111111 00000000 00000000
 00000000 10000000 01111111 01111111 01111111 01111111 00000000 00000000
 00000000 10000000 01111111 01111111 01111111 01111111 00000000 00000000
 00000000 10000000 01111111 01111111 01111111 01111111 00000000 00000000
 00000000 10000000 01111111 01111111 01111111 01111111 00000000 00000000
 00000000 10000000 01111111 01111111 01111111 01111111 00000000 00000000
 00000000 10000000 01111111 01111111 01111111 01111111 00000000 00000000
 00000000 10000000 01111111 01111111 01111111 01111111 00000000 00000000
 00000000 10000000 01111111 01111111 01111111 01111111 00000000 00000000
 00000000 10000000 01111111 01111111 01111111 01111111 00000000 00000000
 00000000 10000000 01111111 01111111 01111111 01111111 00000000 00000000
 00000000 10000000 01111111 01111111 01111111 01111111 00000000 00000000
 00000000 10000000 01111111 01111111 01111111 01111111 00000000 00000000
 00000000 10000000 01111111 01111111 01111111 01111111 00000000 00000000
 00000000 10000000 01111111 01111111 01111111 01111111 00000000 00000000
 00000000 10000000 01111111 01111111 01111111 01111111 00000000 00000000
