 00000000 10000000 01111111 01111111 01111111 01111111 00000000 00000000
 00000000 10000000 01111111 01111111 01111111 01111111 00000000 00000000
 00000000 10000000 01111111 01111111 01111111 01111111 00000000 00000000
 00000000 10000000 01111111 01111111 01111111 01111111 00000000 00000000
 00000000 10000000 01111111 01111111 01111111 01111111 00000000 00000000
 00000000 10000000 01111111 01111111 01111111 01111111 00000000 00000000
 00000000 10000000 01111111 01111111 01111111 01111111 00000000 00000000
 00000000 10000000 01111111 01111111 01111111 01111111 00000000 00000000
 00000000 10000000 01111111 01111111 01111111 01111111 00000000 00000000
 00000000 10000000 01111111 01111111 01111111 01111111 00000000 00000000
 00000000 10000000 01111111 01111111 01111111 01111111 00000000 00000000
 00000000 10000000 01111111 01111111 01111111 01111111 00000000 00000000
 00000000 10000000 01111111 01111111 01111111 01111111 00000000 00000000
 00000000 10000000 01111111 01111111 01111111 01111111 00000000 00000000
 00000000 10000000 01111111 01111111 01111111 01111111 00000000 00000000
 00000000 10000000 01111111 01111111 01111111 01111111 00000000 00000000
 00000000 10000000 01111111 01111111 01111111 01111111 00000000 00000000
 00000000 10000000 01111111 01111111 01111111 01111111 00000000 00000000
 00000000 10000000 01111111 01111111 01111111 01111111 00000000 00000000
 00000000 10000000 01111111 01111111 01111111 01111111 00000000 00000000
 00000000 10000000 01111111 01111111 01111111 01111111 00000000 00000000
 00000000 10000000 01111111 01111111 01111111 01111111 00000000 00000000
 00000000 10000000 01111111 01111111 01111111 01111111 00000000 00000000
 00000000 10000000 01111111 01111111 01111111 01111111 00000000 00000000
 00000000 10000000 01111111 01111111 01111111 01111111 00000000 00000000
 00000000 10000000 01111111 01111111 01111111 01111111 00000000 00000000
 00000000 10000000 01111111 01111111 01111111 01111111 00000000 00000000
 00000000 10000000 01111111 01111111 01111111 01111111 00000000 00000000
 00000000 10000000 01111111 01111111 01111111 01111111 00000000 00000000
 00000000 10000000 01111111 01111111 01111111 01111111 00000000 00000000
 00000000 10000000 01111111 01111111 01111111 01111111 00000000 00000000
 00000000 10000000 01111111 01111111 01111111 01111111 00000000 00000000
 00000000 10000000 01111111 01111111 01111111 01111111 00000000 00000000
 00000000 10000000 01111111 01111111 01111111 01111111 00000000 00000000
 00000000 10000000 01111111 01111111 01111111 01111111 00000000 00000000
 00000000 10000000 01111111 01111111 01111111 01111111 00000000 00000000
 00000000 10000000 01111111 01111111 01111111 01111111 00000000 00000000
 00000000 10000000 01111111 01111111 01111111 01111111 00000000 00000000
 00000000 10000000 01111111 01111111 01111111 01111111 00000000 00000000
 00000000 10000000 01111111 01111111 01111111 01111111 00000000 00000000
 00000000 10000000 01111111 01111111 01111111 01111111 00000000 00000000
 00000000 10000000 01111111 01111111 01111111 01111111 00000000 00000000
 00000000 10000000 01111111 01111111 01111111 01111111 00000000 00000000
 00000000 10000000 01111111 01111111 01111111 01111111 00000000 00000000
 00000000 10000000 01111111 01111111 01111111 01111111 00000000 00000000
 00000000 10000000 01111111 01111111 01111111 01111111 00000000 00000000
 00000000 10000000 01111111 01111111 01111111 01111111 00000000 00000000
 00000000 10000000 01111111 01111111 01111111 01111111 00000000 00000000
 00000000 10000000 01111111 01111111 01111111 01111111 00000000 00000000
 00000000 10000000 01111111 01111111 01111111 01111111 00000000 00000000
 00000000 10000000 01111111 01111111 01111111 01111111 00000000 00000000
 00000000 10000000 01111111 01111111 01111111 01111111 00000000 00000000
 00000000 10000000 01111111 01111111 01111111 01111111 00000000 00000000
 00000000 10000000 01111111 01111111 01111111 01111111 00000000 00000000
 00000000 10000000 01111111 01111111 01111111 01111111 00000000 00000000
 00000000 10000000 01111111 01111111 01111111 01111111 00000000 00000000
 00000000 10000000 01111111 01111111 01111111 01111111 00000000 00000000
 00000000 10000000 01111111 01111111 01111111 01111111 00000000 00000000
 00000000 10000000 01111111 01111111 01111111 01111111 00000000 00000000
 00000000 10000000 01111111 01111111 01111111 01111111 00000000 00000000
 00000000 10000000 01111111 01111111 01111111 01111111 00000000 00000000
 00000000 10000000 01111111 01111111 01111111 01111111 00000000 00000000
 00000000 10000000 01111111 01111111 01111111 01111111 00000000 00000000
 00000000 10000000 01111111 01111111 01111111 01111111 00000000 00000000
 00000000 10000000 01111111 01111111 01111111 01111111 00000000 00000000
 00000000 10000000 01111111 01111111 01111111 01111111 00000000 00000000
 00000000 10000000 01111111 01111111 01111111 01111111 00000000 00000000
 00000000 10000000 01111111 01111111 01111111 01111111 00000000 00000000
 00000000 10000000 01111111 01111111 01111111 01111111 00000000 00000000
 00000000 10000000 01111111 01111111 01111111 01111111 00000000 00000000
 00000000 10000000 01111111 01111111 01111111 01111111 00000000 00000000
 00000000 10000000 01111111 01111111 01111111 01111111 00000000 00000000
 00000000 10000000 01111111 01111111 01111111 01111111 00000000 00000000
 00000000 10000000 01111111 01111111 01111111 01111111 00000000 00000000
 00000000 10000000 01111111 01111111 01111111 01111111 00000000 00000000
 00000000 10000000 01111111 01111111 01111111 01111111 00000000 00000000
 00000000 10000000 01111111 01111111 01111111 01111111 00000000 00000000
 00000000 10000000 01111111 01111111 01111111 01111111 00000000 00000000
 00000000 10000000 01111111 01111111 01111111 01111111 00000000 00000000
 00000000 10000000 01111111 01111111 01111111 01111111 00000000 00000000
 00000000 10000000 01111111 01111111 01111111 01111111 00000000 00000000
 00000000 10000000 01111111 01111111 01111111 01111111 00000000 00000000
 00000000 10000000 01111111 01111111 01111111 01111111 00000000 00000000
 00000000 10000000 01111111 01111111 01111111 01111111 00000000 00000000
 00000000 10000000 01111111 01111111 01111111 01111111 00000000 00000000
 00000000 10000000 01111111 01111111 01111111 01111111 00000000 00000000
 00000000 10000000 01111111 01111111 01111111 01111111 00000000 00000000
 00000000 10000000 01111111 01111111 01111111 01111111 00000000 00000000
 00000000 10000000 01111111 01111111 01111111 01111111 00000000 00000000
 00000000 10000000 01111111 01111111 01111111 01111111 00000000 00000000
 00000000 10000000 01111111 01111111 01111111 01111111 00000000 00000000
 00000000 10000000 01111111 01111111 01111111 01111111 00000000 00000000
 00000000 10000000 01111111 01111111 01111111 01111111 00000000 00000000
 00000000 10000000 01111111 01111111 01111111 01111111 00000000 00000000
 00000000 10000000 01111111 01111111 01111111 01111111 00000000 00000000
 00000000 10000000 01111111 01111111 01111111 01111111 00000000 00000000
 00000000 10000000 01111111 01111111 01111111 01111111 00000000 00000000
 00000000 10000000 01111111 01111111 01111111 01111111 00000000 00000000
 00000000 10000000 01111111 01111111 01111111 01111111 00000000 00000000
 00000000 10000000 01111111 01111111 01111111 01111111 00000000 00000000
 00000000 10000000 01111111 01111111 01111111 01111111 00000000 00000000
 00000000 10000000 01111111 01111111 01111111 01111111 00000000 00000000
 00000000 10000000 01111111 01111111 01111111 01111111 00000000 00000000
 00000000 10000000 01111111 01111111 01111111 01111111 00000000 00000000
 00000000 10000000 01111111 01111111 01111111 01111111 00000000 00000000
 00000000 10000000 01111111 01111111 01111111 01111111 00000000 00000000
 00000000 10000000 01111111 01111111 01111111 01111111 00000000 00000000
 00000000 10000000 01111111 01111111 01111111 01111111 00000000 00000000
 00000000 10000000 01111111 01111111 01111111 01111111 00000000 00000000
 00000000 10000000 01111111 01111111 01111111 01111111 00000000 00000000
 00000000 10000000 01111111 01111111 01111111 01111111 00000000 00000000
 00000000 10000000 01111111 01111111 01111111 01111111 00000000 00000000
 00000000 10000000 01111111 01111111 01111111 01111111 00000000 00000000
 00000000 10000000 01111111 01111111 01111111 01111111 00000000 00000000
 00000000 10000000 01111111 01111111 01111111 01111111 00000000 00000000
 00000000 10000000 01111111 01111111 01111111 01111111 00000000 00000000
 00000000 10000000 01111111 01111111 01111111 01111111 00000000 00000000
 00000000 10000000 01111111 01111111 01111111 01111111 00000000 00000000
 00000000 10000000 01111111 01111111 01111111 01111111 00000000 00000000
 00000000 10000000 01111111 01111111 01111111 01111111 00000000 00000000
 00000000 10000000 01111111 01111111 01111111 01111111 00000000 00000000
 00000000 10000000 01111111 01111111 01111111 01111111 00000000 00000000
 00000000 10000000 01111111 01111111 01111111 01111111 00000000 00000000
 00000000 10000000 01111111 01111111 01111111 01111111 00000000 00000000
 00000000 10000000 01111111 01111111 01111111 01111111 00000000 00000000
 00000000 10000000 01111111 01111111 01111111 01111111 00000000 00000000
 00000000 10000000 01111111 01111111 01111111 01111111 00000000 00000000
 00000000 10000000 01111111 01111111 01111111 01111111 00000000 00000000
 00000000 10000000 01111111 01111111 01111111 01111111 00000000 00000000
 00000000 10000000 01111111 01111111 01111111 01111111 00000000 00000000
 00000000 10000000 01111111 01111111 01111111 01111111 00000000 00000000
 00000000 10000000 01111111 01111111 01111111 01111111 00000000 00000000
 00000000 10000000 01111111 01111111 01111111 01111111 00000000 00000000
 00000000 10000000 01111111 01111111 01111111 01111111 00000000 00000000
 00000000 10000000 01111111 01111111 01111111 01111111 00000000 00000000
 00000000 10000000 01111111 01111111 01111111 01111111 00000000 00000000
 00000000 10000000 01111111 01111111 01111111 01111111 00000000 00000000
 00000000 10000000 01111111 01111111 01111111 01111111 00000000 00000000
 00000000 10000000 01111111 01111111 01111111 01111111 00000000 00000000
 00000000 10000000 01111111 01111111 01111111 01111111 00000000 00000000
 00000000 10000000 01111111 01111111 01111111 01111111 00000000 00000000
 00000000 10000000 01111111 01111111 01111111 01111111 00000000 00000000
 00000000 10000000 01111111 01111111 01111111 01111111 00000000 00000000
 00000000 10000000 01111111 01111111 01111111 01111111 00000000 00000000
 00000000 10000000 01111111 01111111 01111111 01111111 00000000 00000000
 00000000 10000000 01111111 01111111 01111111 01111111 00000000 00000000
 00000000 10000000 01111111 01111111 01111111 01111111 00000000 00000000
 00000000 10000000 01111111 01111111 01111111 01111111 00000000 00000000
 00000000 10000000 01111111 01111111 01111111 01111111 00000000 00000000
 00000000 10000000 01111111 01111111 01111111 01111111 00000000 00000000
 00000000 10000000 01111111 01111111 01111111 01111111 00000000 00000000
 00000000 10000000 01111111 01111111 01111111 01111111 00000000 00000000
 00000000 10000000 01111111 01111111 01111111 01111111 00000000 00000000
 00000000 10000000 01111111 01111111 01111111 01111111 00000000 00000000
 00000000 10000000 01111111 01111111 01111111 01111111 00000000 00000000
 00000000 10000000 01111111 01111111 01111111 01111111 00000000 00000000
 00000000 10000000 01111111 01111111 01111111 01111111 00000000 00000000
 00000000 10000000 01111111 01111111 01111111 01111111 00000000 00000000
 00000000 10000000 01111111 01111111 01111111 01111111 00000000 00000000
 00000000 10000000 01111111 01111111 01111111 01111111 00000000 00000000
 00000000 10000000 01111111 01111111 01111111 01111111 00000000 00000000
 00000000 10000000 01111111 01111111 01111111 01111111 00000000 00000000
 00000000 10000000 01111111 01111111 01111111 01111111 00000000 00000000
 00000000 10000000 01111111 01111111 01111111 01111111 00000000 00000000
 00000000 10000000 01111111 01111111 01111111 01111111 00000000 00000000
 00000000 10000000 01111111 01111111 01111111 01111111 00000000 00000000
 00000000 10000000 01111111 01111111 01111111 01111111 00000000 00000000
 00000000 10000000 01111111 01111111 01111111 01111111 00000000 00000000
 00000000 10000000 01111111 01111111 01111111 01111111 00000000 00000000
 00000000 10000000 01111111 01111111 01111111 01111111 00000000 00000000
 00000000 10000000 01111111 01111111 01111111 01111111 00000000 00000000
 00000000 10000000 01111111 01111111 01111111 01111111 00000000 00000000
 00000000 10000000 01111111 01111111 01111111 01111111 00000000 00000000
 00000000 10000000 01111111 01111111 01111111 01111111 00000000 00000000
 00000000 10000000 01111111 01111111 01111111 01111111 00000000 00000000
 00000000 10000000 01111111 01111111 01111111 01111111 00000000 00000000
 00000000 10000000 01111111 01111111 01111111 01111111 00000000 00000000
 00000000 10000000 01111111 01111111 01111111 01111111 00000000 00000000
 00000000 10000000 01111111 01111111 01111111 01111111 00000000 00000000
 00000000 10000000 01111111 01111111 01111111 01111111 00000000 00000000
 00000000 10000000 01111111 01111111 01111111 01111111 00000000 00000000
 00000000 10000000 01111111 01111111 01111111 01111111 00000000 00000000
 00000000 10000000 01111111 01111111 01111111 01111111 00000000 00000000
 00000000 10000000 01111111 01111111 01111111 01111111 00000000 00000000
 00000000 10000000 01111111 01111111 01111111 01111111 00000000 00000000
 00000000 10000000 01111111 01111111 01111111 01111111 00000000 00000000
 00000000 10000000 01111111 01111111 01111111 01111111 00000000 00000000
 00000000 10000000 01111111 01111111 01111111 01111111 00000000 00000000
 00000000 10000000 01111111 01111111 01111111 01111111 00000000 00000000
 00000000 10000000 01111111 01111111 01111111 01111111 00000000 00000000
 00000000 10000000 01111111 01111111 01111111 01111111 00000000 00000000
 00000000 10000000 01111111 01111111 01111111 01111111 00000000 00000000
 00000000 10000000 01111111 01111111 01111111 01111111 00000000 00000000
 00000000 10000000 01111111 01111111 01111111 01111111 00000000 00000000
 00000000 10000000 01111111 01111111 01111111 01111111 00000000 00000000
 00000000 10000000 01111111 01111111 01111111 01111111 00000000 00000000
 00000000 10000000 01111111 01111111 01111111 01111111 00000000 00000000
 00000000 10000000 01111111 01111111 01111111 01111111 00000000 00000000
 00000000 10000000 01111111 01111111 01111111 01111111 00000000 00000000
 00000000 10000000 01111111 01111111 01111111 01111111 00000000 00000000
 00000000 10000000 01111111 01111111 01111111 01111111 00000000 00000000
 00000000 10000000 01111111 01111111 01111111 01111111 00000000 00000000
 00000000 10000000 01111111 01111111 01111111 01111111 00000000 00000000
 00000000 10000000 01111111 01111111 01111111 01111111 00000000 00000000
 00000000 10000000 01111111 01111111 01111111 01111111 00000000 00000000
 00000000 10000000 01111111 01111111 01111111 01111111 00000000 00000000
 00000000 10000000 01111111 01111111 01111111 01111111 00000000 00000000
 00000000 10000000 01111111 01111111 01111111 01111111 00000000 00000000
 00000000 10000000 01111111 01111111 01111111 01111111 00000000 00000000
 00000000 10000000 01111111 01111111 01111111 01111111 00000000 00000000
 00000000 10000000 01111111 01111111 01111111 01111111 00000000 00000000
 00000000 10000000 01111111 01111111 01111111 01111111 00000000 00000000
 00000000 10000000 01111111 01111111 01111111 01111111 00000000 00000000
 00000000 10000000 01111111 01111111 01111111 01111111 00000000 00000000
 00000000 10000000 01111111 01111111 01111111 01111111 00000000 00000000
 00000000 10000000 01111111 01111111 01111111 01111111 00000000 00000000
 00000000 10000000 01111111 01111111 01111111 01111111 00000000 00000000
 00000000 10000000 01111111 01111111 01111111 01111111 00000000 00000000
 00000000 10000000 01111111 01111111 01111111 01111111 00000000 00000000
 00000000 10000000 01111111 01111111 01111111 01111111 00000000 00000000
 00000000 10000000 01111111 01111111 01111111 01111111 00000000 00000000
 00000000 10000000 01111111 01111111 01111111 01111111 00000000 00000000
 00000000 10000000 01111111 01111111 01111111 01111111 00000000 00000000
 00000000 10000000 01111111 01111111 01111111 01111111 00000000 00000000
 00000000 10000000 01111111 01111111 01111111 01111111 00000000 00000000
 00000000 10000000 01111111 01111111 01111111 01111111 00000000 00000000
 00000000 10000000 01111111 01111111 01111111 01111111 00000000 00000000
 00000000 10000000 01111111 01111111 01111111 01111111 00000000 00000000
 00000000 10000000 01111111 01111111 01111111 01111111 00000000 00000000
 00000000 10000000 01111111 01111111 01111111 01111111 00000000 00000000
 00000000 10000000 01111111 01111111 01111111 01111111 00000000 00000000
 00000000 10000000 01111111 01111111 01111111 01111111 00000000 00000000
 00000000 10000000 01111111 01111111 01111111 01111111 00000000 00000000
 00000000 10000000 01111111 01111111 01111111 01111111 00000000 00000000
 00000000 10000000 01111111 01111111 01111111 01111111 00000000 00000000
 00000000 10000000 01111111 01111111 01111111 01111111 00000000 00000000
 00000000 10000000 01111111 01111111 01111111 01111111 00000000 00000000
 00000000 10000000 01111111 01111111 01111111 01111111 00000000 00000000
 00000000 10000000 01111111 01111111 01111111 01111111 00000000 00000000
 00000000 10000000 01111111 01111111 01111111 01111111 00000000 00000000
 00000000 10000000 01111111 01111111 01111111 01111111 00000000 00000000
 00000000 10000000 01111111 01111111 01111111 01111111 00000000 00000000
 00000000 10000000 01111111 01111111 01111111 01111111 00000000 00000000
 00000000 10000000 01111111 01111111 01111111 01111111 00000000 00000000
 00000000 10000000 01111111 01111111 01111111 01111111 00000000 00000000
 00000000 10000000 01111111 01111111 01111111 01111111 00000000 00000000
 00000000 10000000 01111111 01111111 01111111 01111111 00000000 00000000
 00000000 10000000 01111111 01111111 01111111 01111111 00000000 00000000
 00000000 10000000 01111111 01111111 01111111 01111111 00000000 00000000
 00000000 10000000 01111111 01111111 01111111 01111111 00000000 00000000
 00000000 10000000 01111111 01111111 01111111 01111111 00000000 00000000
 00000000 10000000 01111111 01111111 01111111 01111111 00000000 00000000
 00000000 10000000 01111111 01111111 01111111 01111111 00000000 00000000
 00000000 10000000 01111111 01111111 01111111 01111111 00000000 00000000
 00000000 10000000 01111111 01111111 01111111 01111111 00000000 00000000
 00000000 10000000 01111111 01111111 01111111 01111111 00000000 00000000
 00000000 10000000 01111111 01111111 01111111 01111111 00000000 00000000
 00000000 10000000 01111111 01111111 01111111 01111111 00000000 00000000
 00000000 10000000 01111111 01111111 01111111 01111111 00000000 00000000
 00000000 10000000 01111111 01111111 01111111 01111111 00000000 00000000
 00000000 10000000 01111111 01111111 01111111 01111111 00000000 00000000
 00000000 10000000 01111111 01111111 01111111 01111111 00000000 00000000
 00000000 10000000 01111111 01111111 01111111 01111111 00000000 00000000
 00000000 10000000 01111111 01111111 01111111 01111111 00000000 00000000
 00000000 10000000 01111111 01111111 01111111 01111111 00000000 00000000
 00000000 10000000 01111111 01111111 01111111 01111111 00000000 00000000
 00000000 10000000 01111111 01111111 01111111 01111111 00000000 00000000
 00000000 10000000 01111111 01111111 01111111 01111111 00000000 00000000
 00000000 10000000 01111111 01111111 01111111 01111111 00000000 00000000
 00000000 10000000 01011011 01111111 01111111 01111111 00000000 00000000
 00000000 10000000 00011110 01111111 01111111 01111111 00000000 00000000
 00000000 10000000 00010000 01111111 01111111 01111111 00000000 00000000
 00000000 10000000 00010000 01111111 01111111 01111111 00000000 00000000
 00000000 10000000 00010000 01111111 01111111 01111111 00000000 00000000
 00000000 10000000 00010000 01111111 01111111 01111111 00000000 00000000
 00000000 10000000 00010000 01111111 01111111 01111111 00000000 00000000
 00000000 10000000 00010000 01111111 01111111 01111111 00000000 00000000
 00000000 10000000 00010000 01111111 01111111 01111111 00000000 00000000
 00000000 10000000 00010000 01111111 01111111 01111111 00000000 00000000
 00000000 10000000 00010000 01111111 01111111 01111111 00000000 00000000
 00000000 10000000 00010000 01111111 01111111 01111111 00000000 00000000
 00000000 10000000 00010000 01111111 01111111 01111111 00000000 00000000
 00000000 10000000 00010000 01111111 01111111 01111111 00000000 00000000
 00000000 10000000 00010000 01111111 01111111 01111111 00000000 00000000
 00000000 10000000 00010000 01111111 01111111 01111111 00000000 00000000
 00000000 10000000 00010000 01111111 01111111 01111111 00000000 00000000
 00000000 10000000 00011111 01111111 01111111 01111111 00000000 00000000
 00000000 10000000 01011000 01111111 01111111 01111111 00000000 00000000
 00000000 10000000 01111101 01111111 01111111 01111111 00000000 00000000
 00000000 10000000 01111111 01111111 01111111 01111111 00000000 00000000
 00000000 10000000 01111111 01111111 01111111 01111111 00000000 00000000
 00000000 10000000 01111111 01111111 01111111 01111111 00000000 00000000
 00000000 10000000 01111111 01111111 01111111 01111111 00000000 00000000
 00000000 10000000 01111111 01111111 01111111 01111111 00000000 00000000
 00000000 10000000 01111111 01111111 01111111 01111111 00000000 00000000
 00000000 10000000 01111111 01111111 01111111 01111111 00000000 00000000
 00000000 10000000 01111111 01111111 01111111 01111111 00000000 00000000
 00000000 10000000 01111111 01111111 01111111 01111111 00000000 00000000
 00000000 10000000 01111111 01111111 01111111 01111111 00000000 00000000
 00000000 10000000 01111111 01111111 01111111 01111111 00000000 00000000
 00000000 10000000 01111111 01111111 01111111 01111111 00000000 00000000
 00000000 10000000 01111111 01111111 01111111 01111111 00000000 00000000
 00000000 10000000 01111111 01111111 01111111 01111111 00000000 00000000
 00000000 10000000 01111111 01111111 01111111 01111111 00000000 00000000
 00000000 10000000 01111111 01111111 01111111 01111111 00000000 00000000
 00000000 10000000 01111111 01111111 01111111 01111111 00000000 00000000
 00000000 10000000 01111111 01111111 01111111 01111111 00000000 00000000
 00000000 10000000 01111111 01111111 01111111 01111111 00000000 00000000
 00000000 10000000 01111111 01111111 01111111 01111111 00000000 00000000
 00000000 10000000 01111111 01111111 01111111 01111111 00000000 00000000
 00000000 10000000 01111111 01111111 01111111 01111111 00000000 00000000
 00000000 10000000 01111111 01111111 01111111 01111111 00000000 00000000
 00000000 10000000 01111111 01111111 01111111 01111111 00000000 00000000
 00000000 10000000 01111111 01111111 01111111 01111111 00000000 00000000
 00000000 10000000 01111111 01111111 01111111 01111111 00000000 00000000
 00000000 10000000 01111111 01111111 01111111 01111111 00000000 00000000
 00000000 10000000 01111111 01111111 01111111 01111111 00000000 00000000
 00000000 10000000 01111111 01111111 01111111 01111111 00000000 00000000
 00000000 10000000 01111111 01111111 01111111 01111111 00000000 00000000
 00000000 10000000 01111111 01111111 01111111 01111111 00000000 00000000
 00000000 10000000 01111111 01111111 01111111 01111111 00000000 00000000
 00000000 10000000 01111111 01111111 01111111 01111111 00000000 00000000
 00000000 10000000 01111111 01111111 01111111 01111111 00000000 00000000
 00000000 10000000 01111111 01111111 01111111 01111111 00000000 00000000
 00000000 10000000 01111111 01111111 01111111 01111111 00000000 00000000
 00000000 10000000 01111111 01111111 01111111 01111111 00000000 00000000
 00000000 10000000 01111111 01111111 01111111 01111111 00000000 00000000
 00000000 10000000 01111111 01111111 01111111 01111111 00000000 00000000
 00000000 10000000 01111111 01111111 01111111 01111111 00000000 00000000
 00000000 10000000 01111111 01111111 01111111 01111111 00000000 00000000
 00000000 10000000 01111111 01111111 01111111 01111111 00000000 00000000
 00000000 10000000 01111111 01111111 01111111 01111111 00000000 00000000
 00000000 10000000 01111111 01111111 01111111 01111111 00000000 00000000
 00000000 10000000 01111111 01111111 01111111 01111111 00000000 00000000
 00000000 10000000 01111111 01111111 01111111 01111111 00000000 00000000
 00000000 10000000 01111111 01111111 01111111 01111111 00000000 00000000
 00000000 10000000 01111111 01111111 01111111 01111111 00000000 00000000
 00000000 10000000 01111111 01111111 01111111 01111111 00000000 00000000
 00000000 10000000 01111111 01111111 01111111 01111111 00000000 00000000
 00000000 10000000 01111111 01111111 01111111 01111111 00000000 00000000
 00000000 10000000 01111111 01111111 01111111 01111111 00000000 00000000
 00000000 10000000 01111111 01111111 01111111 01111111 00000000 00000000
 00000000 10000000 01111111 01111111 01111111 01111111 00000000 00000000
 00000000 10000000 01111111 01111111 01111111 01111111 00000000 00000000
 00000000 10000000 01111111 01111111 01111111 01111111 00000000 00000000
 00000000 10000000 01111111 01111111 01111111 01111111 00000000 00000000
 00000000 10000000 01111111 01111111 01111111 01111111 00000000 00000000
 00000000 10000000 01111111 01111111 01111111 01111111 00000000 00000000
 00000000 10000000 01111111 01111111 01111111 01111111 00000000 00000000
 00000000 10000000 01111111 01111111 01111111 01111111 00000000 00000000
 00000000 10000000 01111111 01111111 01111111 01111111 00000000 00000000
 00000000 10000000 01111111 01111111 01111111 01111111 00000000 00000000
 00000000 10000000 01111111 01111111 01111111 01111111 00000000 00000000
 00000000 10000000 01111111 01111111 01111111 01111111 00000000 00000000
 00000000 10000000 01111111 01111111 01111111 01111111 00000000 00000000
 00000000 10000000 01111111 01111111 01111111 01111111 00000000 00000000
 00000000 10000000 01111111 01111111 01111111 01111111 00000000 00000000
 00000000 10000000 01111111 01111111 01111111 01111111 00000000 00000000
 00000000 10000000 01111111 01111111 01111111 01111111 00000000 00000000
 00000000 10000000 01111111 01111111 01111111 01111111 00000000 00000000
 00000000 10000000 01111111 01111111 01111111 01111111 00000000 00000000
 00000000 10000000 01111111 01111111 01111111 01111111 00000000 00000000
 00000000 10000000 01111111 01111111 01111111 01111111 00000000 00000000
 00000000 10000000 01111111 01111111 01111111 01111111 00000000 00000000
 00000000 10000000 01111111 01111111 01111111 01111111 00000000 00000000
 00000000 10000000 01111111 01111111 01111111 01111111 00000000 00000000
 00000000 10000000 01111111 01111111 01111111 01111111 00000000 00000000
 00000000 10000000 01111111 01111111 01111111 01111111 00000000 00000000
 00000000 10000000 01111111 01111111 01111111 01111111 00000000 00000000
 00000000 10000000 01111111 01111111 01111111 01111111 00000000 00000000
 00000000 10000000 01111111 01111111 01111111 01111111 00000000 00000000
 00000000 10000000 01111111 01111111 01111111 01111111 00000000 00000000
 00000000 10000000 01111111 01111111 01111111 01111111 00000000 00000000
 00000000 10000000 01111111 01111111 01111111 01111111 00000000 00000000
 00000000 10000000 01111111 01111111 01111111 01111111 00000000 00000000
 00000000 10000000 01111111 01111111 01111111 01111111 00000000 00000000
 00000000 10000000 01111111 01111111 01111111 01111111 00000000 00000000
 00000000 10000000 01111111 01111111 01111111 01111111 00000000 00000000
 00000000 10000000 01111111 01111111 01111111 01111111 00000000 00000000
 00000000 10000000 01111111 01111111 01111111 01111111 00000000 00000000
 00000000 10000000 01111111 01111111 01111111 01111111 00000000 00000000
 00000000 10000000 01111111 01111111 01111111 01111111 00000000 00000000
 00000000 10000000 01111111 01111111 01111111 01111111 00000000 00000000
 00000000 10000000 01111111 01111111 01111111 01111111 00000000 00000000
 00000000 10000000 01111111 01111111 01111111 01111111 00000000 00000000
 00000000 10000000 01111111 01111111 01111111 01111111 00000000 00000000
 00000000 10000000 01111111 01111111 01111111 01111111 00000000 00000000
 00000000 10000000 01111111 01111111 01111111 01111111 00000000 00000000
 00000000 10000000 01111111 01111111 01111111 01111111 00000000 00000000
 00000000 10000000 01111111 01111111 01111111 01111111 00000000 00000000
 00000000 10000000 01111111 01111111 01111111 01111111 00000000 00000000
 00000000 10000000 01111111 01111111 01111111 01111111 00000000 00000000
 00000000 10000000 01111111 01111111 01111111 01111111 00000000 00000000
 00000000 10000000 01111111 01111111 01111111 01111111 00000000 00000000
 00000000 10000000 01111111 01111111 01111111 01111111 00000000 00000000
 00000000 10000000 01111111 01111111 01111111 01111111 00000000 00000000
 00000000 10000000 01111111 01111111 01111111 01111111 00000000 00000000
 00000000 10000000 01111111 01111111 01111111 01111111 00000000 00000000
 00000000 10000000 01111111 01111111 01111111 01111111 00000000 00000000
 00000000 10000000 01111111 01111111 01111111 01111111 00000000 00000000
 00000000 10000000 01111111 01111111 01111111 01111111 00000000 00000000
 00000000 10000000 01111111 01111111 01111111 01111111 00000000 00000000
 00000000 10000000 01111111 01111111 01111111 01111111 00000000 00000000
 00000000 10000000 01111111 01111111 01111111 01111111 00000000 00000000
 00000000 10000000 01111111 01111111 01111111 01111111 00000000 00000000
 00000000 10000000 01111111 01111111 01111111 01111111 00000000 00000000
 00000000 10000000 01111111 01111111 01111111 01111111 00000000 00000000
 00000000 10000000 01111111 01111111 01111111 01111111 00000000 00000000
 00000000 10000000 01111111 01111111 01111111 01111111 00000000 00000000
 00000000 10000000 01111111 01111111 01111111 01111111 00000000 00000000
 00000000 10000000 01111111 01111111 01111111 01111111 00000000 00000000
 00000000 10000000 01111111 01111111 01111111 01111111 00000000 00000000
 00000000 10000000 01111111 01111111 01111111 01111111 00000000 00000000
 00000000 10000000 01111111 01111111 01111111 01111111 00000000 00000000
 00000000 10000000 01111111 01111111 01111111 01111111 00000000 00000000
 00000000 10000000 01111111 01111111 01111111 01111111 00000000 00000000
 00000000 10000000 01111111 01111111 01111111 01111111 00000000 00000000
 00000000 10000000 01111111 01111111 01111111 01111111 00000000 00000000
 00000000 10000000 01111111 01111111 01111111 01111111 00000000 00000000
 00000000 10000000 01111111 01111111 01111111 01111111 00000000 00000000
 00000000 10000000 01111111 01111111 01111111 01111111 00000000 00000000
 00000000 10000000 01111111 01111111 01111111 01111111 00000000 00000000
 00000000 10000000 01111111 01111111 01111111 01111111 00000000 00000000
 00000000 10000000 01111111 01111111 01111111 01111111 00000000 00000000
 00000000 10000000 01111111 01111111 01111111 01111111 00000000 00000000
 00000000 10000000 01111111 01111111 01111111 01111111 00000000 00000000
 00000000 10000000 01111111 01111111 01111111 01111111 00000000 00000000
 00000000 10000000 01111111 01111111 01111111 01111111 00000000 00000000
 00000000 10000000 01111111 01111111 01111111 01111111 00000000 00000000
 00000000 10000000 01111111 01111111 01111111 01111111 00000000 00000000
 00000000 10000000 01111111 01111111 01111111 01111111 00000000 00000000
 00000000 10000000 01111111 01111111 01111111 01111111 00000000 00000000
 00000000 10000000 01111111 01111111 01111111 01111111 00000000 00000000
 00000000 10000000 01111111 01111111 01111111 01111111 00000000 00000000
 00000000 10000000 01111111 01111111 01111111 01111111 00000000 00000000
 00000000 10000000 01111111 01111111 01111111 01111111 00000000 00000000
 00000000 10000000 01111111 01111111 01111111 01111111 00000000 00000000
 00000000 10000000 01111111 01111111 01111111 01111111 00000000 00000000
 00000000 10000000 01111111 01111111 01111111 01111111 00000000 00000000
 00000000 10000000 01111111 01111111 01111111 01111111 00000000 00000000
 00000000 10000000 01111111 01111111 01111111 01111111 00000000 00000000
 00000000 10000000 01111111 01111111 01111111 01111111 00000000 00000000
 00000000 10000000 01111111 01111111 01111111 01111111 00000000 00000000
 00000000 10000000 01111111 01111111 01111111 01111111 00000000 00000000
 00000000 10000000 01111111 01111111 01111111 01111111 00000000 00000000
 00000000 10000000 01111111 01111111 01111111 01111111 00000000 00000000
 00000000 10000000 01111111 01111111 01111111 01111111 00000000 00000000
 00000000 10000000 01111111 01111111 01111111 01111111 00000000 00000000
 00000000 10000000 01111111 01111111 01111111 01111111 00000000 00000000
 00000000 10000000 01111111 01111111 01111111 01111111 00000000 00000000
 00000000 10000000 01111111 01111111 01111111 01111111 00000000 00000000
 00000000 10000000 01111111 01111111 01111111 01111111 00000000 00000000
 00000000 10000000 01111111 01111111 01111111 01111111 00000000 00000000
 00000000 10000000 01111111 01111111 01111111 01111111 00000000 00000000
 00000000 10000000 01111111 01111111 01111111 01111111 00000000 00000000
 00000000 10000000 01111111 01111111 01111111 01111111 00000000 00000000
 00000000 10000000 01111111 01111111 01111111 01111111 00000000 00000000
 00000000 10000000 01111111 01111111 01111111 01111111 00000000 00000000
 00000000 10000000 01111111 01111111 01111111 01111111 00000000 00000000
 00000000 10000000 01111111 01111111 01111111 01111111 00000000 00000000
 00000000 10000000 01111111 01111111 01111111 01111111 00000000 00000000
 00000000 10000000 01111111 01111111 01111111 01111111 00000000 00000000
 00000000 10000000 01111111 01111111 01111111 01111111 00000000 00000000
 00000000 10000000 01111111 01111111 01111111 01111111 00000000 00000000
 00000000 10000000 01111111 01111111 01111111 01111111 00000000 00000000
 00000000 10000000 01111111 01111111 01111111 01111111 00000000 00000000
 00000000 10000000 01111111 01111111 01111111 01111111 00000000 00000000
 00000000 10000000 01111111 01111111 01111111 01111111 00000000 00000000
 00000000 10000000 01111111 01111111 01111111 01111111 00000000 00000000
 00000000 10000000 01111111 01111111 01111111 01111111 00000000 00000000
 00000000 10000000 01111111 01111111 01111111 01111111 00000000 00000000
 00000000 10000000 01111111 01111111 01111111 01111111 00000000 00000000
 00000000 10000000 01111111 01111111 01111111 01111111 00000000 00000000
 00000000 10000000 01111111 01111111 01111111 01111111 00000000 00000000
 00000000 10000000 01111111 01111111 01111111 01111111 00000000 00000000
 00000000 10000000 01111111 01111111 01111111 01111111 00000000 00000000
 00000000 10000000 01111111 01111111 01111111 01111111 00000000 00000000
 00000000 10000000 01111111 01111111 01111111 01111111 00000000 00000000
 00000000 10000000 01111111 01111111 01111111 01111111 00000000 00000000
 00000000 10000000 01111111 01111111 01111111 01111111 00000000 00000000
 00000000 10000000 11001100 01111111 01111111 01111111 00000000 00000000
 00000000 10000000 11101100 01111111 01111111 01111111 00000000 00000000
 00000000 10000000 11101110 01111111 01111111 01111111 00000000 00000000
 00000000 10000000 11101110 01111111 01111111 01111111 00000000 00000000
 00000000 10000000 11101110 01111111 01111111 01111111 00000000 00000000
 00000000 10000000 11101110 01111111 01111111 01111111 00000000 00000000
 00000000 10000000 11101110 01111111 01111111 01111111 00000000 00000000
 00000000 10000000 11101110 01111111 01111111 01111111 00000000 00000000
 00000000 10000000 11101110 01111111 01111111 01111111 00000000 00000000
 00000000 10000000 11101110 01111111 01111111 01111111 00000000 00000000
 00000000 10000000 11101110 01111111 01111111 01111111 00000000 00000000
 00000000 10000000 11101110 01111111 01111111 01111111 00000000 00000000
 00000000 10000000 11101110 01111111 01111111 01111111 00000000 00000000
 00000000 10000000 11101110 01111111 01111111 01111111 00000000 00000000
 00000000 10000000 10010011 01111111 01111111 01111111 00000000 00000000
 00000000 10000000 10000001 01111111 01111111 01111111 00000000 00000000
 00000000 10000000 10000000 01111111 01111111 01111111 00000000 00000000
 00000000 10000000 10000000 01111111 01111111 01111111 00000000 00000000
 00000000 10000000 10000000 01111111 01111111 01111111 00000000 00000000
 00000000 10000000 10000000 01111111 01111111 01111111 00000000 00000000
 00000000 10000000 10000000 01111111 01111111 01111111 00000000 00000000
 00000000 10000000 10000000 01111111 01111111 01111111 00000000 00000000
 00000000 10000000 10000000 01111111 01111111 01111111 00000000 00000000
 00000000 10000000 10000000 01111111 01111111 01111111 00000000 00000000
 00000000 10000000 10000000 01111111 01111111 01111111 00000000 00000000
 00000000 10000000 10000000 01111111 01111111 01111111 00000000 00000000
 00000000 10000000 10000000 01111111 01111111 01111111 00000000 00000000
 00000000 10000000 10000000 01111111 01111111 01111111 00000000 00000000
 00000000 10000000 10000000 01111111 01111111 01111111 00000000 00000000
 00000000 10000000 10000000 01111111 01111111 01111111 00000000 00000000
 00000000 10000000 10000000 01111111 01111111 01111111 00000000 00000000
 00000000 10000000 10000000 01111111 01111111 01111111 00000000 00000000
 00000000 10000000 10000000 01111111 01111111 01111111 00000000 00000000
 00000000 10000000 10000000 01111111 01111111 01111111 00000000 00000000
 00000000 10000000 10000000 01111111 01111111 01111111 00000000 00000000
 00000000 10000000 10000000 01111111 01111111 01111111 00000000 00000000
 00000000 10000000 10000000 01111111 01111111 01111111 00000000 00000000
 00000000 10000000 10000000 01111111 01111111 01111111 00000000 00000000
 00000000 10000000 10000000 01111111 01111111 01111111 00000000 00000000
 00000000 10000000 10000000 01111111 01111111 01111111 00000000 00000000
 00000000 10000000 10000000 01111111 01111111 01111111 00000000 00000000
 00000000 10000000 10000000 01111111 01111111 01111111 00000000 00000000
 00000000 10000000 10000000 01111111 01111111 01111111 00000000 00000000
 00000000 10000000 10000000 01111111 01111111 01111111 00000000 00000000
 00000000 10000000 10000000 01111111 01111111 01111111 00000000 00000000
 00000000 10000000 10000000 01111111 01111111 01111111 00000000 00000000
 00000000 10000000 10000000 01111111 01111111 01111111 00000000 00000000
 00000000 10000000 10000000 01111111 01111111 01111111 00000000 00000000
 00000000 10000000 10000000 01111111 01111111 01111111 00000000 00000000
 00000000 10000000 10000000 01111111 01111111 01111111 00000000 00000000
 00000000 10000000 10000000 01111111 01111111 01111111 00000000 00000000
 00000000 10000000 10000000 01111111 01111111 01111111 00000000 00000000
 00000000 10000000 10000000 01111111 01111111 01111111 00000000 00000000
 00000000 10000000 10000000 01111111 01111111 01111111 00000000 00000000
 00000000 10000000 10000000 01111111 01111111 01111111 00000000 00000000
 00000000 10000000 10000000 01111111 01111111 01111111 00000000 00000000
 00000000 10000000 10000000 01111111 01111111 01111111 00000000 00000000
 00000000 10000000 10000000 01111111 01111111 01111111 00000000 00000000
 00000000 10000000 10000000 01111111 01111111 01111111 00000000 00000000
 00000000 10000000 10000000 01111111 01111111 01111111 00000000 00000000
 00000000 10000000 10000000 01111111 01111111 01111111 00000000 00000000
 00000000 10000000 10000000 01111111 01111111 01111111 00000000 00000000
 00000000 10000000 10000000 01111111 01111111 01111111 00000000 00000000
 00000000 10000000 10000000 01111111 01111111 01111111 00000000 00000000
 00000000 10000000 10000000 01111111 01111111 01111111 00000000 00000000
 00000000 10000000 10000000 01111111 01111111 01111111 00000000 00000000
 00000000 10000000 10000000 01111111 01111111 01111111 00000000 00000000
 00000000 10000000 10000000 01111111 01111111 01111111 00000000 00000000
 00000000 10000000 10000000 01111111 01111111 01111111 00000000 00000000
 00000000 10000000 10000000 01111111 01111111 01111111 00000000 00000000
 00000000 10000000 10000000 01111111 01111111 01111111 00000000 00000000
 00000000 10000000 10000000 01111111 01111111 01111111 00000000 00000000
 00000000 10000000 10000000 01111111 01111111 01111111 00000000 00000000
 00000000 10000000 10000000 01111111 01111111 01111111 00000000 00000000
 00000000 10000000 10000000 01111111 01111111 01111111 00000000 00000000
 00000000 10000000 10000000 01111111 01111111 01111111 00000000 00000000
 00000000 10000000 10000000 01111111 01111111 01111111 00000000 00000000
 00000000 10000000 10000000 01111111 01111111 01111111 00000000 00000000
 00000000 10000000 10000000 01111111 01111111 01111111 00000000 00000000
 00000000 10000000 10000000 01111111 01111111 01111111 00000000 00000000
 00000000 10000000 10000000 01111111 01111111 01111111 00000000 00000000
 00000000 10000000 10000000 01111111 01111111 01111111 00000000 00000000
 00000000 10000000 10000000 01111111 01111111 01111111 00000000 00000000
 00000000 10000000 10000000 01111111 01111111 01111111 00000000 00000000
 00000000 10000000 10000000 01111111 01111111 01111111 00000000 00000000
 00000000 10000000 10000000 01111111 01111111 01111111 00000000 00000000
 00000000 10000000 10000000 01111111 01111111 01111111 00000000 00000000
 00000000 10000000 10000000 01111111 01111111 01111111 00000000 00000000
 00000000 10000000 10000000 01111111 01111111 01111111 00000000 00000000
 00000000 10000000 10000000 01111111 01111111 01111111 00000000 00000000
 00000000 10000000 10000000 01111111 01111111 01111111 00000000 00000000
 00000000 10000000 10000000 01111111 01111111 01111111 00000000 00000000
 00000000 10000000 10000000 01111111 01111111 01111111 00000000 00000000
 00000000 10000000 10000000 01111111 01111111 01111111 00000000 00000000
 00000000 10000000 10000000 01111111 01111111 01111111 00000000 00000000
 00000000 10000000 10000000 01111111 01111111 01111111 00000000 00000000
 00000000 10000000 10000000 01111111 01111111 01111111 00000000 00000000
 00000000 10000000 10000000 01111111 01111111 01111111 00000000 00000000
 00000000 10000000 10000000 01111111 01111111 01111111 00000000 00000000
 00000000 10000000 10000000 01111111 01111111 01111111 00000000 00000000
 00000000 10000000 10000000 01111111 01111111 01111111 00000000 00000000
 00000000 10000000 10000000 01111111 01111111 01111111 00000000 00000000
 00000000 10000000 10000000 01111111 01111111 01111111 00000000 00000000
 00000000 10000000 10000000 01111111 01111111 01111111 00000000 00000000
 00000000 10000000 10000000 01111111 01111111 01111111 00000000 00000000
 00000000 10000000 10000000 01111111 01111111 01111111 00000000 00000000
 00000000 10000000 10000000 01111111 01111111 01111111 00000000 00000000
 00000000 10000000 10000000 01111111 01111111 01111111 00000000 00000000
 00000000 10000000 10000000 01111111 01111111 01111111 00000000 00000000
 00000000 10000000 10000000 01111111 01111111 01111111 00000000 00000000
 00000000 10000000 10000000 01111111 01111111 01111111 00000000 00000000
 00000000 10000000 10000000 01111111 01111111 01111111 00000000 00000000
 00000000 10000000 10000000 01111111 01111111 01111111 00000000 00000000
 00000000 10000000 10000000 01111111 01111111 01111111 00000000 00000000
 00000000 10000000 10000000 01111111 01111111 01111111 00000000 00000000
 00000000 10000000 10000000 01111111 01111111 01111111 00000000 00000000
 00000000 10000000 10000000 01111111 01111111 01111111 00000000 00000000
 00000000 10000000 10000000 01111111 01111111 01111111 00000000 00000000
 00000000 10000000 10000000 01111111 01111111 01111111 00000000 00000000
 00000000 10000000 10000000 01111111 01111111 01111111 00000000 00000000
 00000000 10000000 10000000 01111111 01111111 01111111 00000000 00000000
 00000000 10000000 10000000 01111111 01111111 01111111 00000000 00000000
 00000000 10000000 10000000 01111111 01111111 01111111 00000000 00000000
 00000000 10000000 10000000 01111111 01111111 01111111 00000000 00000000
 00000000 10000000 10000000 01111111 01111111 01111111 00000000 00000000
 00000000 10000000 10000000 01111111 01111111 01111111 00000000 00000000
 00000000 10000000 10000000 01111111 01111111 01111111 00000000 00000000
 00000000 10000000 10000000 01111111 01111111 01111111 00000000 00000000
 00000000 10000000 10000000 01111111 01111111 01111111 00000000 00000000
 00000000 10000000 10000000 01111111 01111111 01111111 00000000 00000000
 00000000 10000000 10000000 01111111 01111111 01111111 00000000 00000000
 00000000 10000000 10000000 01111111 01111111 01111111 00000000 00000000
 00000000 10000000 10000000 01111111 01111111 01111111 00000000 00000000
 00000000 10000000 10000000 01111111 01111111 01111111 00000000 00000000
 00000000 10000000 10000000 01111111 01111111 01111111 00000000 00000000
 00000000 10000000 10000000 01111111 01111111 01111111 00000000 00000000
 00000000 10000000 10000000 01111111 01111111 01111111 00000000 00000000
 00000000 10000000 10000000 01111111 01111111 01111111 00000000 00000000
 00000000 10000000 10000000 01111111 01111111 01111111 00000000 00000000
 00000000 10000000 10000000 01111111 01111111 01111111 00000000 00000000
 00000000 10000000 10000000 01111111 01111111 01111111 00000000 00000000
 00000000 10000000 10000000 01111111 01111111 01111111 00000000 00000000
 00000000 10000000 10000000 01111111 01111111 01111111 00000000 00000000
 00000000 10000000 10000000 01111111 01111111 01111111 00000000 00000000
 00000000 10000000 10000000 01111111 01111111 01111111 00000000 00000000
 00000000 10000000 10000000 01111111 01111111 01111111 00000000 00000000
 00000000 10000000 10000000 01111111 01111111 01111111 00000000 00000000
 00000000 10000000 10000000 01111111 01111111 01111111 00000000 00000000
 00000000 10000000 10000000 01111111 01111111 01111111 00000000 00000000
 00000000 10000000 10000000 01111111 01111111 01111111 00000000 00000000
 00000000 10000000 10000000 01111111 01111111 01111111 00000000 00000000
 00000000 10000000 10000000 01111111 01111111 01111111 00000000 00000000
 00000000 10000000 10000000 01111111 01111111 01111111 00000000 00000000
 00000000 10000000 10000000 01111111 01111111 01111111 00000000 00000000
 00000000 10000000 10000000 01111111 01111111 01111111 00000000 00000000
 00000000 10000000 10000000 01111111 01111111 01111111 00000000 00000000
 00000000 10000000 10000000 01111111 01111111 01111111 00000000 00000000
 00000000 10000000 10000000 01111111 01111111 01111111 00000000 00000000
 00000000 10000000 10000000 01111111 01111111 01111111 00000000 00000000
 00000000 10000000 10000000 01111111 01111111 01111111 00000000 00000000
 00000000 10000000 10000000 01111111 01111111 01111111 00000000 00000000
 00000000 10000000 10000000 01111111 01111111 01111111 00000000 00000000
 00000000 10000000 10000000 01111111 01111111 01111111 00000000 00000000
 00000000 10000000 10000000 01111111 01111111 01111111 00000000 00000000
 00000000 10000000 10000000 01111111 01111111 01111111 00000000 00000000
 00000000 10000000 10000000 01111111 01111111 01111111 00000000 00000000
 00000000 10000000 10000000 01111111 01111111 01111111 00000000 00000000
 00000000 10000000 10000000 01111111 01111111 01111111 00000000 00000000
 00000000 10000000 10000000 01111111 01111111 01111111 00000000 00000000
 00000000 10000000 10000000 01111111 01111111 01111111 00000000 00000000
 00000000 10000000 10000000 01111111 01111111 01111111 00000000 00000000
 00000000 10000000 10000000 01111111 01111111 01111111 00000000 00000000
 00000000 10000000 10000000 01111111 01111111 01111111 00000000 00000000
 00000000 10000000 10000000 01111111 01111111 01111111 00000000 00000000
 00000000 10000000 10000000 01111111 01111111 01111111 00000000 00000000
 00000000 10000000 10000000 01111111 01111111 01111111 00000000 00000000
 00000000 10000000 10000000 01111111 01111111 01111111 00000000 00000000
 00000000 10000000 10000000 01111111 01111111 01111111 00000000 00000000
 00000000 10000000 10000000 01111111 01111111 01111111 00000000 00000000
 00000000 10000000 10000000 01111111 01111111 01111111 00000000 00000000
 00000000 10000000 10000000 01111111 01111111 01111111 00000000 00000000
 00000000 10000000 10000000 01111111 01111111 01111111 00000000 00000000
 00000000 10000000 10000000 01111111 01111111 01111111 00000000 00000000
 00000000 10000000 10000000 01111111 01111111 01111111 00000000 00000000
 00000000 10000000 10000000 01111111 01111111 01111111 00000000 00000000
 00000000 10000000 10000000 01111111 01111111 01111111 00000000 00000000
 00000000 10000000 10000000 01111111 01111111 01111111 00000000 00000000
 00000000 10000000 10000000 01111111 01111111 01111111 00000000 00000000
 00000000 10000000 10000000 01111111 01111111 01111111 00000000 00000000
 00000000 10000000 10000000 01111111 01111111 01111111 00000000 00000000
 00000000 10000000 10000000 01111111 01111111 01111111 00000000 00000000
 00000000 10000000 10000000 01111111 01111111 01111111 00000000 00000000
 00000000 10000000 10000000 01111111 01111111 01111111 00000000 00000000
 00000000 10000000 10000000 01111111 01111111 01111111 00000000 00000000
 00000000 10000000 10000000 01111111 01111111 01111111 00000000 00000000
 00000000 10000000 10000000 01111111 01111111 01111111 00000000 00000000
 00000000 10000000 10000000 01111111 01111111 01111111 00000000 00000000
