 00000000 10000000 01111111 01111111 01111111 01111111 00000000 00000000
 00000000 10000000 01111111 01111111 01111111 01111111 00000000 00000000
 00000000 10000000 01111111 01111111 01111111 01111111 00000000 00000000
 00000000 10000000 01111111 01111111 01111111 01111111 00000000 00000000
 00000000 10000000 01111111 01111111 01111111 01111111 00000000 00000000
 00000000 10000000 01111111 01111111 01111111 01111111 00000000 00000000
 00000000 10000000 01111111 01111111 01111111 01111111 00000000 00000000
 00000000 10000000 01111111 01111111 01111111 01111111 00000000 00000000
 00000000 10000000 01111111 01111111 01111111 01111111 00000000 00000000
 00000000 10000000 01111111 01111111 01111111 01111111 00000000 00000000
 00000000 10000000 01111111 01111111 01111111 01111111 00000000 00000000
 00000000 10000000 01111111 01111111 01111111 01111111 00000000 00000000
 00000000 10000000 01111111 01111111 01111111 01111111 00000000 00000000
 00000000 10000000 01111111 01111111 01111111 01111111 00000000 00000000
 00000000 10000000 01111111 01111111 01111111 01111111 00000000 00000000
 00000000 10000000 01111111 01111111 01111111 01111111 00000000 00000000
 00000000 10000000 01111111 01111111 01111111 01111111 00000000 00000000
 00000000 10000000 01111111 01111111 01111111 01111111 00000000 00000000
 00000000 10000000 01111111 01111111 01111111 01111111 00000000 00000000
 00000000 10000000 01111111 01111111 01111111 01111111 00000000 00000000
 00000000 10000000 01111111 01111111 01111111 01111111 00000000 00000000
 00000000 10000000 01111111 01111111 01111111 01111111 00000000 00000000
 00000000 10000000 01111111 01111111 01111111 01111111 00000000 00000000
 00000000 10000000 01111111 01111111 01111111 01111111 00000000 00000000
 00000000 10000000 01111111 01111111 01111111 01111111 00000000 00000000
 00000000 10000000 01111111 01111111 01111111 01111111 00000000 00000000
 00000000 10000000 01111111 01111111 01111111 01111111 00000000 00000000
 00000000 10000000 01111111 01111111 01111111 01111111 00000000 00000000
 00000000 10000000 01111111 01111111 01111111 01111111 00000000 00000000
 00000000 10000000 01111111 01111111 01111111 01111111 00000000 00000000
 00000000 10000000 01111111 01111111 01111111 01111111 00000000 00000000
 00000000 10000000 01111111 01111111 01111111 01111111 00000000 00000000
 00000000 10000000 01111111 01111111 01111111 01111111 00000000 00000000
 00000000 10000000 01111111 01111111 01111111 01111111 00000000 00000000
 00000000 10000000 01111111 01111111 01111111 01111111 00000000 00000000
 00000000 10000000 01111111 01111111 01111111 01111111 00000000 00000000
 00000000 10000000 01111111 01111111 01111111 01111111 00000000 00000000
 00000000 10000000 01111111 01111111 01111111 01111111 00000000 00000000
 00000000 10000000 01111111 01111111 01111111 01111111 00000000 00000000
 00000000 10000000 01111111 01111111 01111111 01111111 00000000 00000000
 00000000 10000000 01111111 01111111 01111111 01111111 00000000 00000000
 00000000 10000000 01111111 01111111 01111111 01111111 00000000 00000000
 00000000 10000000 01111111 01111111 01111111 01111111 00000000 00000000
 00000000 10000000 01111111 01111111 01111111 01111111 00000000 00000000
 00000000 10000000 01111111 01111111 01111111 01111111 00000000 00000000
 00000000 10000000 01111111 01111111 01111111 01111111 00000000 00000000
 00000000 10000000 01111111 01111111 01111111 01111111 00000000 00000000
 00000000 10000000 01111111 01111111 01111111 01111111 00000000 00000000
 00000000 10000000 01111111 01111111 01111111 01111111 00000000 00000000
 00000000 10000000 01111111 01111111 01111111 01111111 00000000 00000000
 00000000 10000000 01111111 01111111 01111111 01111111 00000000 00000000
 00000000 10000000 01111111 01111111 01111111 01111111 00000000 00000000
 00000000 10000000 01111111 01111111 01111111 01111111 00000000 00000000
 00000000 10000000 01111111 01111111 01111111 01111111 00000000 00000000
 00000000 10000000 01111111 01111111 01111111 01111111 00000000 00000000
 00000000 10000000 01111111 01111111 01111111 01111111 00000000 00000000
 00000000 10000000 01111111 01111111 01111111 01111111 00000000 00000000
 00000000 10000000 01111111 01111111 01111111 01111111 00000000 00000000
 00000000 10000000 01111111 01111111 01111111 01111111 00000000 00000000
 00000000 10000000 01111111 01111111 01111111 01111111 00000000 00000000
 00000000 10000000 01111111 01111111 01111111 01111111 00000000 00000000
 00000000 10000000 01111111 01111111 01111111 01111111 00000000 00000000
 00000000 10000000 01111111 01111111 01111111 01111111 00000000 00000000
 00000000 10000000 01111111 01111111 01111111 01111111 00000000 00000000
 00000000 10000000 01111111 01111111 01111111 01111111 00000000 00000000
 00000000 10000000 01111111 01111111 01111111 01111111 00000000 00000000
 00000000 10000000 01111111 01111111 01111111 01111111 00000000 00000000
 00000000 10000000 01111111 01111111 01111111 01111111 00000000 00000000
 00000000 10000000 01111111 01111111 01111111 01111111 00000000 00000000
 00000000 10000000 01111111 01111111 01111111 01111111 00000000 00000000
 00000000 10000000 01111111 01111111 01111111 01111111 00000000 00000000
 00000000 10000000 01111111 01111111 01111111 01111111 00000000 00000000
 00000000 10000000 01111111 01111111 01111111 01111111 00000000 00000000
 00000000 10000000 01111111 01111111 01111111 01111111 00000000 00000000
 00000000 10000000 01111111 01111111 01111111 01111111 00000000 00000000
 00000000 10000000 01111111 01111111 01111111 01111111 00000000 00000000
 00000000 10000000 01111111 01111111 01111111 01111111 00000000 00000000
 00000000 10000000 01111111 01111111 01111111 01111111 00000000 00000000
 00000000 10000000 01111111 01111111 01111111 01111111 00000000 00000000
 00000000 10000000 01111111 01111111 01111111 01111111 00000000 00000000
 00000000 10000000 01111111 01111111 01111111 01111111 00000000 00000000
 00000000 10000000 01111111 01111111 01111111 01111111 00000000 00000000
 00000000 10000000 01111111 01111111 01111111 01111111 00000000 00000000
 00000000 10000000 01111111 01111111 01111111 01111111 00000000 00000000
 00000000 10000000 01111111 01111111 01111111 01111111 00000000 00000000
 00000000 10000000 01111111 01111111 01111111 01111111 00000000 00000000
 00000000 10000000 01111111 01111111 01111111 01111111 00000000 00000000
 00000000 10000000 01111111 01111111 01111111 01111111 00000000 00000000
 00000000 10000000 01111111 01111111 01111111 01111111 00000000 00000000
 00000000 10000000 01111111 01111111 01111111 01111111 00000000 00000000
 00000000 10000000 01111111 01111111 01111111 01111111 00000000 00000000
 00000000 10000000 01111111 01111111 01111111 01111111 00000000 00000000
 00000000 10000000 01111111 01111111 01111111 01111111 00000000 00000000
 00000000 10000000 01111111 01111111 01111111 01111111 00000000 00000000
 00000000 10000000 01111111 01111111 01111111 01111111 00000000 00000000
 00000000 10000000 01111111 01111111 01111111 01111111 00000000 00000000
 00000000 10000000 01111111 01111111 01111111 01111111 00000000 00000000
 00000000 10000000 01111111 01111111 01111111 01111111 00000000 00000000
 00000000 10000000 01111111 01111111 01111111 01111111 00000000 00000000
 00000000 10000000 01111111 01111111 01111111 01111111 00000000 00000000
 00000000 10000000 01111111 01111111 01111111 01111111 00000000 00000000
 00000000 10000000 01111111 01111111 01111111 01111111 00000000 00000000
 00000000 10000000 01111111 01111111 01111111 01111111 00000000 00000000
 00000000 10000000 01111111 01111111 01111111 01111111 00000000 00000000
 00000000 10000000 01111111 01111111 01111111 01111111 00000000 00000000
 00000000 10000000 01111111 01111111 01111111 01111111 00000000 00000000
 00000000 10000000 01111111 01111111 01111111 01111111 00000000 00000000
 00000000 10000000 01111111 01111111 01111111 01111111 00000000 00000000
 00000000 10000000 01111111 01111111 01111111 01111111 00000000 00000000
 00000000 10000000 01111111 01111111 01111111 01111111 00000000 00000000
 00000000 10000000 01111111 01111111 01111111 01111111 00000000 00000000
 00000000 10000000 01111111 01111111 01111111 01111111 00000000 00000000
 00000000 10000000 01111111 01111111 01111111 01111111 00000000 00000000
 00000000 10000000 01111111 01111111 01111111 01111111 00000000 00000000
 00000000 10000000 01111111 01111111 01111111 01111111 00000000 00000000
 00000000 10000000 01111111 01111111 01111111 01111111 00000000 00000000
 00000000 10000000 01111111 01111111 01111111 01111111 00000000 00000000
 00000000 10000000 01111111 01111111 01111111 01111111 00000000 00000000
 00000000 10000000 01111111 01111111 01111111 01111111 00000000 00000000
 00000000 10000000 01111111 01111111 01111111 01111111 00000000 00000000
 00000000 10000000 01111111 01111111 01111111 01111111 00000000 00000000
 00000000 10000000 01111111 01111111 01111111 01111111 00000000 00000000
 00000000 10000000 01111111 01111111 01111111 01111111 00000000 00000000
 00000000 10000000 01111111 01101111 01111111 01111111 00000000 00000000
 00000000 10000000 01111111 01000110 01111111 01111111 00000000 00000000
 00000000 10000000 01111111 00011001 01111111 01111111 00000000 00000000
 00000000 10000000 01111111 00010000 01111111 01111111 00000000 00000000
 00000000 10000000 01111111 00010000 01111111 01111111 00000000 00000000
 00000000 10000000 01111111 00010000 01111111 01111111 00000000 00000000
 00000000 10000000 01111111 00010000 01111111 01111111 00000000 00000000
 00000000 10000000 01111111 00010000 01111111 01111111 00000000 00000000
 00000000 10000000 01111111 00010000 01111111 01111111 00000000 00000000
 00000000 10000000 01111111 00010000 01111111 01111111 00000000 00000000
 00000000 10000000 01111111 00010000 01111111 01111111 00000000 00000000
 00000000 10000000 01111111 00010000 01111111 01111111 00000000 00000000
 00000000 10000000 01111111 00010000 01111111 01111111 00000000 00000000
 00000000 10000000 01111111 00010000 01111111 01111111 00000000 00000000
 00000000 10000000 01111111 00010000 01111111 01111111 00000000 00000000
 00000000 10000000 01111111 00010000 01111111 01111111 00000000 00000000
 00000000 10000000 01111111 00010000 01111111 01111111 00000000 00000000
 00000000 10000000 01111111 00010000 01111111 01111111 00000000 00000000
 00000000 10000000 01111111 00010000 01111111 01111111 00000000 00000000
 00000000 10000000 01111111 00010000 01111111 01111111 00000000 00000000
 00000000 10000000 01111111 00010000 01111111 01111111 00000000 00000000
 00000000 10000000 01111111 00010000 01111111 01111111 00000000 00000000
 00000000 10000000 01111111 00010000 01111111 01111111 00000000 00000000
 00000000 10000000 01111111 00010000 01111111 01111111 00000000 00000000
 00000000 10000000 01111111 00010000 01111111 01111111 00000000 00000000
 00000000 10000000 01111111 00010000 01111111 01111111 00000000 00000000
 00000000 10000000 01111111 00010000 01111111 01111111 00000000 00000000
 00000000 10000000 01111111 00010000 01111111 01111111 00000000 00000000
 00000000 10000000 01111111 00010000 01111111 01111111 00000000 00000000
 00000000 10000000 01111111 00010000 01111111 01111111 00000000 00000000
 00000000 10000000 01111111 00010000 01111111 01111111 00000000 00000000
 00000000 10000000 01111111 00010000 01111111 01111111 00000000 00000000
 00000000 10000000 01111111 00010000 01111111 01111111 00000000 00000000
 00000000 10000000 01111111 00010000 01111111 01111111 00000000 00000000
 00000000 10000000 01111111 00010000 01111111 01111111 00000000 00000000
 00000000 10000000 01111111 00010000 01111111 01111111 00000000 00000000
 00000000 10000000 01111111 00010000 01111111 01111111 00000000 00000000
 00000000 10000000 01111111 00010000 01111111 01111111 00000000 00000000
 00000000 10000000 01111111 00010000 01111111 01111111 00000000 00000000
 00000000 10000000 01111111 00010000 01111111 01111111 00000000 00000000
 00000000 10000000 01111111 00010000 01111111 01111111 00000000 00000000
 00000000 10000000 01111111 00010000 01111111 01111111 00000000 00000000
 00000000 10000000 01111111 00010000 01111111 01111111 00000000 00000000
 00000000 10000000 01111111 00010000 01111111 01111111 00000000 00000000
 00000000 10000000 01111111 00010000 01111111 01111111 00000000 00000000
 00000000 10000000 01111111 00010000 01111111 01111111 00000000 00000000
 00000000 10000000 01111111 00010000 01111111 01111111 00000000 00000000
 00000000 10000000 01111111 00010000 01111111 01111111 00000000 00000000
 00000000 10000000 01111111 00010000 01111111 01111111 00000000 00000000
 00000000 10000000 01111111 00010000 01111111 01111111 00000000 00000000
 00000000 10000000 01111111 00010000 01111111 01111111 00000000 00000000
 00000000 10000000 01111111 00010000 01111111 01111111 00000000 00000000
 00000000 10000000 01111111 00010000 01111111 01111111 00000000 00000000
 00000000 10000000 01111111 00010000 01111111 01111111 00000000 00000000
 00000000 10000000 01111111 00010000 01111111 01111111 00000000 00000000
 00000000 10000000 01111111 00010000 01111111 01111111 00000000 00000000
 00000000 10000000 01111111 00010000 01111111 01111111 00000000 00000000
 00000000 10000000 01111111 00010000 01111111 01111111 00000000 00000000
 00000000 10000000 01111111 00010000 01111111 01111111 00000000 00000000
 00000000 10000000 01111111 00010000 01111111 01111111 00000000 00000000
 00000000 10000000 01111111 00010000 01111111 01111111 00000000 00000000
 00000000 10000000 01111111 00010000 01111111 01111111 00000000 00000000
 00000000 10000000 01111111 00010000 01111111 01111111 00000000 00000000
 00000000 10000000 01111111 00010000 01111111 01111111 00000000 00000000
 00000000 10000000 01111111 00010000 01111111 01111111 00000000 00000000
 00000000 10000000 01111111 00010000 01111111 01111111 00000000 00000000
 00000000 10000000 01111111 00010000 01111111 01111111 00000000 00000000
 00000000 10000000 01111111 00010000 01111111 01111111 00000000 00000000
 00000000 10000000 01111111 00010000 01111111 01111111 00000000 00000000
 00000000 10000000 01111111 00010000 01111111 01111111 00000000 00000000
 00000000 10000000 01111111 00010000 01111111 01111111 00000000 00000000
 00000000 10000000 01111111 00010000 01111111 01111111 00000000 00000000
 00000000 10000000 01111111 00010000 01111111 01111111 00000000 00000000
 00000000 10000000 01111111 00010000 01111111 01111111 00000000 00000000
 00000000 10000000 01111111 00010000 01111111 01111111 00000000 00000000
 00000000 10000000 01111111 00010000 01111111 01111111 00000000 00000000
 00000000 10000000 01111111 00010000 01111111 01111111 00000000 00000000
 00000000 10000000 01111111 00010000 01111111 01111111 00000000 00000000
 00000000 10000000 01111111 00010000 01111111 01111111 00000000 00000000
 00000000 10000000 01111111 00010000 01111111 01111111 00000000 00000000
 00000000 10000000 01111111 00010000 01111111 01111111 00000000 00000000
 00000000 10000000 01111111 00010000 01111111 01111111 00000000 00000000
 00000000 10000000 01111111 00010000 01111111 01111111 00000000 00000000
 00000000 10000000 01111111 00010000 01111111 01111111 00000000 00000000
 00000000 10000000 01111111 00010000 01111111 01111111 00000000 00000000
 00000000 10000000 01111111 00010000 01111111 01111111 00000000 00000000
 00000000 10000000 01111111 00010000 01111111 01111111 00000000 00000000
 00000000 10000000 01111111 00010000 01111111 01111111 00000000 00000000
 00000000 10000000 01111111 00010000 01111111 01111111 00000000 00000000
 00000000 10000000 01111111 00010000 01111111 01111111 00000000 00000000
 00000000 10000000 01111111 00010000 01111111 01111111 00000000 00000000
 00000000 10000000 01111111 00010000 01111111 01111111 00000000 00000000
 00000000 10000000 01111111 00010000 01111111 01111111 00000000 00000000
 00000000 10000000 01111111 00010000 01111111 01111111 00000000 00000000
 00000000 10000000 01111111 00010000 01111111 01111111 00000000 00000000
 00000000 10000000 01111111 00010000 01111111 01111111 00000000 00000000
 00000000 10000000 01111111 00010000 01111111 01111111 00000000 00000000
 00000000 10000000 01111111 00010000 01111111 01111111 00000000 00000000
 00000000 10000000 01111111 00010000 01111111 01111111 00000000 00000000
 00000000 10000000 01111111 00010000 01111111 01111111 00000000 00000000
 00000000 10000000 01111111 00010000 01111111 01111111 00000000 00000000
 00000000 10000000 01111111 00010000 01111111 01111111 00000000 00000000
 00000000 10000000 01111111 00010000 01111111 01111111 00000000 00000000
 00000000 10000000 01111111 00010000 01111111 01111111 00000000 00000000
 00000000 10000000 01111111 00010000 01111111 01111111 00000000 00000000
 00000000 10000000 01111111 00010000 01111111 01111111 00000000 00000000
 00000000 10000000 01111111 00010000 01111111 01111111 00000000 00000000
 00000000 10000000 01111111 00010000 01111111 01111111 00000000 00000000
 00000000 10000000 01111111 00010000 01111111 01111111 00000000 00000000
 00000000 10000000 01111111 00010000 01111111 01111111 00000000 00000000
 00000000 10000000 01111111 00010000 01111111 01111111 00000000 00000000
 00000000 10000000 01111111 00010000 01111111 01111111 00000000 00000000
 00000000 10000000 01111111 00010000 01111111 01111111 00000000 00000000
 00000000 10000000 01111111 00010000 01111111 01111111 00000000 00000000
 00000000 10000000 01111111 00010000 01111111 01111111 00000000 00000000
 00000000 10000000 01111111 00010000 01111111 01111111 00000000 00000000
 00000000 10000000 01111111 00010000 01111111 01111111 00000000 00000000
 00000000 10000000 01111111 00010000 01111111 01111111 00000000 00000000
 00000000 10000000 01111111 00010000 01111111 01111111 00000000 00000000
 00000000 10000000 01111111 00010000 01111111 01111111 00000000 00000000
 00000000 10000000 01111111 00010000 01111111 01111111 00000000 00000000
 00000000 10000000 01111111 00010000 01111111 01111111 00000000 00000000
 00000000 10000000 01111111 00010000 01111111 01111111 00000000 00000000
 00000000 10000000 01111111 00010000 01111111 01111111 00000000 00000000
 00000000 10000000 01111111 00010000 01111111 01111111 00000000 00000000
 00000000 10000000 01111111 00010000 01111111 01111111 00000000 00000000
 00000000 10000000 01111111 00010000 01111111 01111111 00000000 00000000
 00000000 10000000 01111111 00010000 01111111 01111111 00000000 00000000
 00000000 10000000 01111111 00010000 01111111 01111111 00000000 00000000
 00000000 10000000 01111111 00010000 01111111 01111111 00000000 00000000
 00000000 10000000 01111111 00010000 01111111 01111111 00000000 00000000
 00000000 10000000 01111111 00010000 01111111 01111111 00000000 00000000
 00000000 10000000 01111111 00010000 01111111 01111111 00000000 00000000
 00000000 10000000 01111111 00010000 01111111 01111111 00000000 00000000
