 00000000 10000000 01111111 01111111 10000000 10000000 00000000 00000000
 00000000 10000000 01111111 01111111 10000000 10000000 00000000 00000000
 00000000 10000000 01111111 01111111 10000000 10000000 00000000 00000000
 00000000 10000000 01111111 01111111 10000000 10000000 00000000 00000000
 00000000 10000000 01111111 01111111 10000000 10000000 00000000 00000000
 00000000 10000000 01111111 01111111 10000000 10000000 00000000 00000000
 00000000 10000000 01111111 01111111 10000000 10000000 00000000 00000000
 00000000 10000000 01111111 01111111 10000000 10000000 00000000 00000000
 00000000 10000000 01111111 01111111 10000000 10000000 00000000 00000000
 00000000 10000000 01111111 01111111 10000000 10000000 00000000 00000000
 00000000 10000000 01111111 01111111 10000000 10000000 00000000 00000000
 00000000 10000000 01111111 01111111 10000000 10000000 00000000 00000000
 00000000 10000000 01111111 01111111 10000000 10000000 00000000 00000000
 00000000 10000000 01111111 01111111 10000000 10000000 00000000 00000000
 00000000 10000000 01111111 01111111 10000000 10000000 00000000 00000000
 00000000 10000000 01111111 01111111 10000000 10000000 00000000 00000000
 00000000 10000000 01111111 01111111 10000000 10000000 00000000 00000000
 00000000 10000000 01111111 01111111 10000000 10000000 00000000 00000000
 00000000 10000000 01111111 01111111 10000000 10000000 00000000 00000000
 00000000 10000000 01111111 01111111 10000000 10000000 00000000 00000000
 00000000 10000000 01111111 01111111 10000000 10000000 00000000 00000000
 00000000 10000000 01111111 01111111 10000000 10000000 00000000 00000000
 00000000 10000000 01111111 01111111 10000000 10000000 00000000 00000000
 00000000 10000000 01111111 01111111 10000000 10000000 00000000 00000000
 00000000 10000000 01111111 01111111 10000000 10000000 00000000 00000000
 00000000 10000000 01111111 01111111 10000000 10000000 00000000 00000000
 00000000 10000000 01111111 01111111 10000000 10000000 00000000 00000000
 00000000 10000000 01111111 01111111 10000000 10000000 00000000 00000000
 00000000 10000000 01111111 01111111 10000000 10000000 00000000 00000000
 00000000 10000000 01111111 01111111 10000000 10000000 00000000 00000000
 00000000 10000000 01111111 01111111 10000000 10000000 00000000 00000000
 00000000 10000000 01111111 01111111 10000000 10000000 00000000 00000000
 00000000 10000000 01111111 01111111 10000000 10000000 00000000 00000000
 00000000 10000000 01111111 01111111 10000000 10000000 00000000 00000000
 00000000 10000000 01111111 01111111 10000000 10000000 00000000 00000000
 00000000 10000000 01111111 01111111 10000000 10000000 00000000 00000000
 00000000 10000000 01111111 01111111 10000000 10000000 00000000 00000000
 00000000 10000000 01111111 01111111 10000000 10000000 00000000 00000000
 00000000 10000000 01111111 01111111 10000000 10000000 00000000 00000000
 00000000 10000000 01111111 01111111 10000000 10000000 00000000 00000000
 00000000 10000000 01111111 01111111 10000000 10000000 00000000 00000000
 00000000 10000000 01111111 01111111 10000000 10000000 00000000 00000000
 00000000 10000000 01111111 01111111 10000000 10000000 00000000 00000000
 00000000 10000000 01111111 01111111 10000000 10000000 00000000 00000000
 00000000 10000000 01111111 01111111 10000000 10000000 00000000 00000000
 00000000 10000000 01111111 01111111 10000000 10000000 00000000 00000000
 00000000 10000000 01111111 01111111 10000000 10000000 00000000 00000000
 00000000 10000000 01111111 01111111 10000000 10000000 00000000 00000000
 00000000 10000000 01111111 01111111 10000000 10000000 00000000 00000000
 00000000 10000000 01111111 01111111 10000000 10000000 00000000 00000000
 00000000 10000000 01111111 01111111 10000000 10000000 00000000 00000000
 00000000 10000000 01111111 01111111 10000000 10000000 00000000 00000000
 00000000 10000000 01111111 01111111 10000000 10000000 00000000 00000000
 00000000 10000000 01111111 01111111 10000000 10000000 00000000 00000000
 00000000 10000000 01111111 01111111 10000000 10000000 00000000 00000000
 00000000 10000000 01111111 01111111 10000000 10000000 00000000 00000000
 00000000 10000000 01111111 01111111 10000000 10000000 00000000 00000000
 00000000 10000000 01111111 01111111 10000000 10000000 00000000 00000000
 00000000 10000000 01111111 01111111 10000000 10000000 00000000 00000000
 00000000 10000000 01111111 01111111 10000000 10000000 00000000 00000000
 00000000 10000000 01111111 01111111 10000000 10000000 00000000 00000000
 00000000 10000000 01111111 01111111 10000000 10000000 00000000 00000000
 00000000 10000000 01111111 01111111 10000000 10000000 00000000 00000000
 00000000 10000000 01111111 01111111 10000000 10000000 00000000 00000000
 00000000 10000000 01111111 01111111 10000000 10000000 00000000 00000000
 00000000 10000000 01111111 01111111 10000000 10000000 00000000 00000000
 00000000 10000000 01111111 01111111 10000000 10000000 00000000 00000000
 00000000 10000000 01111111 01111111 10000000 10000000 00000000 00000000
 00000000 10000000 01111111 01111111 10000000 10000000 00000000 00000000
 00000000 10000000 01111111 01111111 10000000 10000000 00000000 00000000
 00000000 10000000 01111111 01111111 10000000 10000000 00000000 00000000
 00000000 10000000 01111111 01111111 10000000 10000000 00000000 00000000
 00000000 10000000 01111111 01111111 10000000 10000000 00000000 00000000
 00000000 10000000 01111111 01111111 10000000 10000000 00000000 00000000
 00000000 10000000 01111111 01111111 10000000 10000000 00000000 00000000
 00000000 10000000 01111111 01111111 10000000 10000000 00000000 00000000
 00000000 10000000 01111111 01111111 10000000 10000000 00000000 00000000
 00000000 10000000 01111111 01111111 10000000 10000000 00000000 00000000
 00000000 10000000 01111111 01111111 10000000 10000000 00000000 00000000
 00000000 10000000 01111111 01111111 10000000 10000000 00000000 00000000
 00000000 10000000 01111111 01111111 10000000 10000000 00000000 00000000
 00000000 10000000 01111111 01111111 10000000 10000000 00000000 00000000
 00000000 10000000 01111111 01111111 10000000 10000000 00000000 00000000
 00000000 10000000 01111111 01111111 10000000 10000000 00000000 00000000
 00000000 10000000 01111111 01111111 10000000 10000000 00000000 00000000
 00000000 10000000 01111111 01111111 10000000 10000000 00000000 00000000
 00000000 10000000 01111111 01111111 10000000 10000000 00000000 00000000
 00000000 10000000 01111111 01111111 10000000 10000000 00000000 00000000
 00000000 10000000 01111111 01111111 10000000 10000000 00000000 00000000
 00000000 10000000 01111111 01111111 10000000 10000000 00000000 00000000
 00000000 10000000 01111111 01111111 10000000 10000000 00000000 00000000
 00000000 10000000 01111111 01111111 10000000 10000000 00000000 00000000
 00000000 10000000 01111111 01111111 10000000 10000000 00000000 00000000
 00000000 10000000 01111111 01111111 10000000 10000000 00000000 00000000
 00000000 10000000 01111111 01111111 10000000 10000000 00000000 00000000
 00000000 10000000 01111111 01111111 10000000 10000000 00000000 00000000
 00000000 10000000 01111111 01111111 10000000 10000000 00000000 00000000
 00000000 10000000 01111111 01111111 10000000 10000000 00000000 00000000
 00000000 10000000 01111111 01111111 10000000 10000000 00000000 00000000
 00000000 10000000 01111111 01111111 10000000 10000000 00000000 00000000
 00000000 10000000 01111111 01111111 10000000 10000000 00000000 00000000
 00000000 10000000 01111111 01111111 10000000 10000000 00000000 00000000
 00000000 10000000 01111111 01111111 10000000 10000000 00000000 00000000
 00000000 10000000 01111111 01111111 10000000 10000000 00000000 00000000
 00000000 10000000 01111111 01111111 10000000 10000000 00000000 00000000
 00000000 10000000 01111111 01111111 10000000 10000000 00000000 00000000
 00000000 10000000 01111111 01111111 10000000 10000000 00000000 00000000
 00000000 10000000 01111111 01111111 10000000 10000000 00000000 00000000
 00000000 10000000 01111111 01111111 10000000 10000000 00000000 00000000
 00000000 10000000 01111111 01111111 10000000 01110111 00000000 00000000
 00000000 10000000 01111111 01111111 10000000 01100000 00000000 00000000
 00000000 10000000 01111111 01111111 10000000 01001000 00000000 00000000
 00000000 10000000 01111111 01111111 10000000 00101100 00000000 00000000
 00000000 10000000 01111111 01111111 10000000 00010011 00000000 00000000
 00000000 10000000 01111111 01111111 10000000 00010000 00000000 00000000
 00000000 10000000 01111111 01111111 10000000 00010000 00000000 00000000
 00000000 10000000 01111111 01111111 10000000 00010000 00000000 00000000
 00000000 10000000 01111111 01111111 10000000 00010000 00000000 00000000
 00000000 10000000 01111111 01111111 10000000 00010000 00000000 00000000
 00000000 10000000 01111111 01111111 10000000 00010000 00000000 00000000
 00000000 10000000 01111111 01111111 10000000 00010000 00000000 00000000
 00000000 10000000 01111111 01111111 10000000 00010000 00000000 00000000
 00000000 10000000 01111111 01111111 10000000 00010000 00000000 00000000
 00000000 10000000 01111111 01111111 10000000 00010000 00000000 00000000
 00000000 10000000 01111111 01111111 10000000 00010000 00000000 00000000
 00000000 10000000 01111111 01111111 10000000 00010000 00000000 00000000
 00000000 10000000 01111111 01111111 10000000 00010000 00000000 00000000
 00000000 10000000 01111111 01111111 10000000 00010000 00000000 00000000
 00000000 10000000 01111111 01111111 10000000 00010000 00000000 00000000
 00000000 10000000 01111111 01111111 10000000 00010000 00000000 00000000
 00000000 10000000 01111111 01111111 10000000 00010000 00000000 00000000
 00000000 10000000 01111111 01111111 10000000 00010000 00000000 00000000
 00000000 10000000 01111111 01111111 10000000 00010000 00000000 00000000
 00000000 10000000 01111111 01111111 10000000 00010000 00000000 00000000
 00000000 10000000 01111111 01111111 10000000 00010000 00000000 00000000
 00000000 10000000 01111111 01111111 10000000 00010000 00000000 00000000
 00000000 10000000 01111111 01111111 10000000 00010000 00000000 00000000
 00000000 10000000 01111111 01111111 10000000 00010000 00000000 00000000
 00000000 10000000 01111111 01111111 10000000 00010000 00000000 00000000
 00000000 10000000 01111111 01111111 10000000 00010000 00000000 00000000
 00000000 10000000 01111111 01111111 10000000 00010000 00000000 00000000
 00000000 10000000 01111111 01111111 10000000 00010000 00000000 00000000
 00000000 10000000 01111111 01111111 10000000 00010000 00000000 00000000
 00000000 10000000 01111111 01111111 10000000 00010000 00000000 00000000
 00000000 10000000 01111111 01111111 10000000 00010000 00000000 00000000
 00000000 10000000 01111111 01111111 10000000 00010000 00000000 00000000
 00000000 10000000 01111111 01111111 10000000 00010000 00000000 00000000
 00000000 10000000 01111111 01111111 10000000 00010000 00000000 00000000
 00000000 10000000 01111111 01111111 10000000 00010000 00000000 00000000
 00000000 10000000 01111111 01111111 10000000 00010000 00000000 00000000
 00000000 10000000 01111111 01111111 10000000 00010000 00000000 00000000
 00000000 10000000 01111111 01111111 10000000 00010000 00000000 00000000
 00000000 10000000 01111111 01111111 10000000 00010000 00000000 00000000
 00000000 10000000 01111111 01111111 10000000 00010000 00000000 00000000
 00000000 10000000 01111111 01111111 10000000 00010000 00000000 00000000
 00000000 10000000 01111111 01111111 10000000 00010000 00000000 00000000
 00000000 10000000 01111111 01111111 10000000 00010000 00000000 00000000
 00000000 10000000 01111111 01111111 10000000 00010000 00000000 00000000
 00000000 10000000 01111111 01111111 10000000 00010000 00000000 00000000
 00000000 10000000 01111111 01111111 10000000 00010000 00000000 00000000
 00000000 10000000 01111111 01111111 10000000 00010000 00000000 00000000
 00000000 10000000 01111111 01111111 10000000 00010000 00000000 00000000
 00000000 10000000 01111111 01111111 10000000 00010000 00000000 00000000
 00000000 10000000 01111111 01111111 10000000 00010000 00000000 00000000
 00000000 10000000 01111111 01111111 10000000 00010000 00000000 00000000
 00000000 10000000 01111111 01111111 10000000 00010000 00000000 00000000
 00000000 10000000 01111111 01111111 10000000 00010000 00000000 00000000
 00000000 10000000 01111111 01111111 10000000 00010000 00000000 00000000
 00000000 10000000 01111111 01111111 10000000 00010000 00000000 00000000
 00000000 10000000 01111111 01111111 10000000 00010000 00000000 00000000
 00000000 10000000 01111111 01111111 10000000 00010000 00000000 00000000
 00000000 10000000 01111111 01111111 10000000 00010000 00000000 00000000
 00000000 10000000 01111111 01111111 10000000 00010000 00000000 00000000
 00000000 10000000 01111111 01111111 10000000 00010000 00000000 00000000
 00000000 10000000 01111111 01111111 10000000 00010000 00000000 00000000
 00000000 10000000 01111111 01111111 10000000 00010000 00000000 00000000
 00000000 10000000 01111111 01111111 10000000 00010000 00000000 00000000
 00000000 10000000 01111111 01111111 10000000 00010000 00000000 00000000
 00000000 10000000 01111111 01111111 10000000 00010000 00000000 00000000
 00000000 10000000 01111111 01111111 10000000 00010000 00000000 00000000
 00000000 10000000 01111111 01111111 10000000 00010000 00000000 00000000
 00000000 10000000 01111111 01111111 10000000 00010000 00000000 00000000
 00000000 10000000 01111111 01111111 10000000 00010000 00000000 00000000
 00000000 10000000 01111111 01111111 10000000 00010000 00000000 00000000
 00000000 10000000 01111111 01111111 10000000 00010000 00000000 00000000
 00000000 10000000 01111111 01111111 10000000 00010000 00000000 00000000
 00000000 10000000 01111111 01111111 10000000 00010000 00000000 00000000
 00000000 10000000 01111111 01111111 10000000 00010000 00000000 00000000
 00000000 10000000 01111111 01111111 10000000 00010000 00000000 00000000
 00000000 10000000 01111111 01111111 10000000 00010000 00000000 00000000
 00000000 10000000 01111111 01111111 10000000 00010000 00000000 00000000
 00000000 10000000 01111111 01111111 10000000 00010000 00000000 00000000
 00000000 10000000 01111111 01111111 10000000 00010000 00000000 00000000
 00000000 10000000 01111111 01111111 10000000 00010000 00000000 00000000
 00000000 10000000 01111111 01111111 10000000 00010000 00000000 00000000
 00000000 10000000 01111111 01111111 10000000 00010000 00000000 00000000
 00000000 10000000 01111111 01111111 10000000 00010000 00000000 00000000
 00000000 10000000 01111111 01111111 10000000 00010000 00000000 00000000
 00000000 10000000 01111111 01111111 10000000 00010000 00000000 00000000
 00000000 10000000 01111111 01111111 10000000 00010000 00000000 00000000
 00000000 10000000 01111111 01111111 10000000 00010000 00000000 00000000
 00000000 10000000 01111111 01111111 10000000 00010000 00000000 00000000
 00000000 10000000 01111111 01111111 10000000 00010000 00000000 00000000
 00000000 10000000 01111111 01111111 10000000 00010000 00000000 00000000
 00000000 10000000 01111111 01111111 10000000 00010000 00000000 00000000
 00000000 10000000 01111111 01111111 10000000 00010000 00000000 00000000
 00000000 10000000 01111111 01111111 10000000 00010000 00000000 00000000
 00000000 10000000 01111111 01111111 10000000 00010000 00000000 00000000
 00000000 10000000 01111111 01111111 10000000 00010000 00000000 00000000
 00000000 10000000 01111111 01111111 10000000 00010000 00000000 00000000
 00000000 10000000 01111111 01111111 10000000 00010000 00000000 00000000
 00000000 10000000 01111111 01111111 10000000 00010000 00000000 00000000
 00000000 10000000 01111111 01111111 10000000 00010000 00000000 00000000
 00000000 10000000 01111111 01111111 10000000 00010000 00000000 00000000
 00000000 10000000 01111111 01111111 10000000 00010000 00000000 00000000
 00000000 10000000 01111111 01111111 10000000 00010000 00000000 00000000
 00000000 10000000 01111111 01111111 10000000 00010000 00000000 00000000
 00000000 10000000 01111111 01111111 10000000 00010000 00000000 00000000
 00000000 10000000 01111111 01111111 10000000 00010000 00000000 00000000
 00000000 10000000 01111111 01111111 10000000 00010000 00000000 00000000
 00000000 10000000 01111111 01111111 10000000 00010000 00000000 00000000
 00000000 10000000 01111111 01111111 10000000 00010000 00000000 00000000
 00000000 10000000 01111111 01111111 10000000 00010000 00000000 00000000
 00000000 10000000 01111111 01111111 10000000 00010000 00000000 00000000
 00000000 10000000 01111111 01111111 10000000 00010000 00000000 00000000
 00000000 10000000 01111111 01111111 10000000 00010000 00000000 00000000
 00000000 10000000 01111111 01111111 10000000 00010000 00000000 00000000
 00000000 10000000 01111111 01111111 10000000 00010000 00000000 00000000
 00000000 10000000 01111111 01111111 10000000 00010000 00000000 00000000
 00000000 10000000 01111111 01111111 10000000 00010000 00000000 00000000
 00000000 10000000 01111111 01111111 10000000 00010000 00000000 00000000
 00000000 10000000 01111111 01111111 10000000 00010000 00000000 00000000
 00000000 10000000 01111111 01111111 10000000 00010000 00000000 00000000
 00000000 10000000 01111111 01111111 10000000 00010000 00000000 00000000
 00000000 10000000 01111111 01111111 10000000 00010000 00000000 00000000
 00000000 10000000 01111111 01111111 10000000 00010000 00000000 00000000
 00000000 10000000 01111111 01111111 10000000 00010000 00000000 00000000
 00000000 10000000 01111111 01111111 10000000 00010000 00000000 00000000
 00000000 10000000 01111111 01111111 10000000 00010000 00000000 00000000
 00000000 10000000 01111111 01111111 10000000 00010000 00000000 00000000
 00000000 10000000 01111111 01111111 10000000 00010000 00000000 00000000
 00000000 10000000 01111111 01111111 10000000 00010000 00000000 00000000
 00000000 10000000 01111111 01111111 10000000 00010000 00000000 00000000
 00000000 10000000 01111111 01111111 10000000 00010000 00000000 00000000
 00000000 10000000 01111111 01111111 10000000 00010000 00000000 00000000
 00000000 10000000 01111111 01111111 10000000 00010000 00000000 00000000
 00000000 10000000 01111111 01111111 10000000 00010000 00000000 00000000
 00000000 10000000 01111111 01111111 10000000 00010000 00000000 00000000
 00000000 10000000 01111111 01111111 10000000 00010000 00000000 00000000
 00000000 10000000 01111111 01111111 10000000 00010000 00000000 00000000
 00000000 10000000 01111111 01111111 10000000 00010000 00000000 00000000
 00000000 10000000 01111111 01111111 10000000 00010000 00000000 00000000
 00000000 10000000 01111111 01111111 10000000 00010000 00000000 00000000
 00000000 10000000 01111111 01111111 10000000 00010000 00000000 00000000
 00000000 10000000 01111111 01111111 10000000 00010000 00000000 00000000
 00000000 10000000 01111111 01111111 10000000 00010000 00000000 00000000
 00000000 10000000 01111111 01111111 10000000 00010000 00000000 00000000
 00000000 10000000 01111111 01111111 10000000 00010000 00000000 00000000
 00000000 10000000 01111111 01111111 10000000 00010000 00000000 00000000
 00000000 10000000 01111111 01111111 10000000 00010000 00000000 00000000
 00000000 10000000 01111111 01111111 10000000 00010000 00000000 00000000
 00000000 10000000 01111111 01111111 10000000 00010000 00000000 00000000
 00000000 10000000 01111111 01111111 10000000 00010000 00000000 00000000
 00000000 10000000 01111111 01111111 10000000 00010000 00000000 00000000
 00000000 10000000 01111111 01111111 10000000 00010000 00000000 00000000
 00000000 10000000 01111111 01111111 10000000 00010000 00000000 00000000
 00000000 10000000 01111111 01111111 10000000 00010000 00000000 00000000
 00000000 10000000 01111111 01111111 10000000 00010000 00000000 00000000
 00000000 10000000 01111111 01111111 10000000 00010000 00000000 00000000
 00000000 10000000 01111111 01111111 10000000 00010000 00000000 00000000
 00000000 10000000 01111111 01111111 10000000 00010000 00000000 00000000
 00000000 10000000 01111111 01111111 10000000 00010000 00000000 00000000
 00000000 10000000 01111111 01111111 10000000 00010000 00000000 00000000
 00000000 10000000 01111111 01111111 10000000 00010000 00000000 00000000
 00000000 10000000 01111111 01111111 10000000 00010000 00000000 00000000
 00000000 10000000 01111111 01111111 10000000 00010000 00000000 00000000
 00000000 10000000 01111111 01111111 10000000 00010000 00000000 00000000
 00000000 10000000 01111111 01111111 10000000 00010000 00000000 00000000
 00000000 10000000 01111111 01111111 10000000 00010000 00000000 00000000
 00000000 10000000 01111111 01111111 10000000 00010000 00000000 00000000
 00000000 10000000 01111111 01111111 10000000 00010000 00000000 00000000
 00000000 10000000 01111111 01111111 10000000 00010000 00000000 00000000
 00000000 10000000 01111111 01111111 10000000 00010000 00000000 00000000
