 00000000 10000000 10000000 01111111 01111111 01111111 00000000 00000000
 00000000 10000000 10000000 01111111 01111111 01111111 00000000 00000000
 00000000 10000000 10000000 01111111 01111111 01111111 00000000 00000000
 00000000 10000000 10000000 01111111 01111111 01111111 00000000 00000000
 00000000 10000000 10000000 01111111 01111111 01111111 00000000 00000000
 00000000 10000000 10000000 01111111 01111111 01111111 00000000 00000000
 00000000 10000000 10000000 01111111 01111111 01111111 00000000 00000000
 00000000 10000000 10000000 01111111 01111111 01111111 00000000 00000000
 00000000 10000000 10000000 01111111 01111111 01111111 00000000 00000000
 00000000 10000000 10000000 01111111 01111111 01111111 00000000 00000000
 00000000 10000000 10000000 01111111 01111111 01111111 00000000 00000000
 00000000 10000000 10000000 01111111 01111111 01111111 00000000 00000000
 00000000 10000000 10000000 01111111 01111111 01111111 00000000 00000000
 00000000 10000000 10000000 01111111 01111111 01111111 00000000 00000000
 00000000 10000000 10000000 01111111 01111111 01111111 00000000 00000000
 00000000 10000000 10000000 01111111 01111111 01111111 00000000 00000000
 00000000 10000000 10000000 01111111 01111111 01111111 00000000 00000000
 00000000 10000000 10000000 01111111 01111111 01111111 00000000 00000000
 00000000 10000000 10000000 01111111 01111111 01111111 00000000 00000000
 00000000 10000000 10000000 01111111 01111111 01111111 00000000 00000000
 00000000 10000000 10000000 01111111 01111111 01111111 00000000 00000000
 00000000 10000000 10000000 01111111 01111111 01111111 00000000 00000000
 00000000 10000000 10000000 01111111 01111111 01111111 00000000 00000000
 00000000 10000000 10000000 01111111 01111111 01111111 00000000 00000000
 00000000 10000000 10000000 01111111 01111111 01111111 00000000 00000000
 00000000 10000000 10000000 01111111 01111111 01111111 00000000 00000000
 00000000 10000000 10000000 01111111 01111111 01111111 00000000 00000000
 00000000 10000000 10000000 01111111 01111111 01111111 00000000 00000000
 00000000 10000000 10000000 01111111 01111111 01111111 00000000 00000000
 00000000 10000000 10000000 01111111 01111111 01111111 00000000 00000000
 00000000 10000000 10000000 01111111 01111111 01111111 00000000 00000000
 00000000 10000000 10000000 01111111 01111111 01111111 00000000 00000000
 00000000 10000000 10000000 01111111 01111111 01111111 00000000 00000000
 00000000 10000000 10000000 01111111 01111111 01111111 00000000 00000000
 00000000 10000000 10000000 01111111 01111111 01111111 00000000 00000000
 00000000 10000000 10000000 01111111 01111111 01111111 00000000 00000000
 00000000 10000000 10000000 01111111 01111111 01111111 00000000 00000000
 00000000 10000000 10000000 01111111 01111111 01111111 00000000 00000000
 00000000 10000000 10000000 01111111 01111111 01111111 00000000 00000000
 00000000 10000000 10000000 01111111 01111111 01111111 00000000 00000000
 00000000 10000000 10000000 01111111 01111111 01111111 00000000 00000000
 00000000 10000000 10000000 01111111 01111111 01111111 00000000 00000000
 00000000 10000000 10000000 01111111 01111111 01111111 00000000 00000000
 00000000 10000000 10000000 01111111 01111111 01111111 00000000 00000000
 00000000 10000000 10000000 01111111 01111111 01111111 00000000 00000000
 00000000 10000000 10000000 01111111 01111111 01111111 00000000 00000000
 00000000 10000000 10000000 01111111 01111111 01111111 00000000 00000000
 00000000 10000000 10000000 01111111 01111111 01111111 00000000 00000000
 00000000 10000000 10000000 01111111 01111111 01111111 00000000 00000000
 00000000 10000000 10000000 01111111 01111111 01111111 00000000 00000000
 00000000 10000000 10000000 01111111 01111111 01111111 00000000 00000000
 00000000 10000000 10000000 01111111 01111111 01111111 00000000 00000000
 00000000 10000000 10000000 01111111 01111111 01111111 00000000 00000000
 00000000 10000000 10000000 01111111 01111111 01111111 00000000 00000000
 00000000 10000000 10000000 01111111 01111111 01111111 00000000 00000000
 00000000 10000000 10000000 01111111 01111111 01111111 00000000 00000000
 00000000 10000000 10000000 01111111 01111111 01111111 00000000 00000000
 00000000 10000000 10000000 01111111 01111111 01111111 00000000 00000000
 00000000 10000000 10000000 01111111 01111111 01111111 00000000 00000000
 00000000 10000000 10000000 01111111 01111111 01111111 00000000 00000000
 00000000 10000000 10000000 01111111 01111111 01111111 00000000 00000000
 00000000 10000000 10000000 01111111 01111111 01111111 00000000 00000000
 00000000 10000000 10000000 01111111 01111111 01111111 00000000 00000000
 00000000 10000000 10000000 01111111 01111111 01111111 00000000 00000000
 00000000 10000000 10000000 01111111 01111111 01111111 00000000 00000000
 00000000 10000000 10000000 01111111 01111111 01111111 00000000 00000000
 00000000 10000000 10000000 01111111 01111111 01111111 00000000 00000000
 00000000 10000000 10000000 01111111 01111111 01111111 00000000 00000000
 00000000 10000000 10000000 01111111 01111111 01111111 00000000 00000000
 00000000 10000000 10000000 01111111 01111111 01111111 00000000 00000000
 00000000 10000000 10000000 01111111 01111111 01111111 00000000 00000000
 00000000 10000000 10000000 01111111 01111111 01111111 00000000 00000000
 00000000 10000000 10000000 01111111 01111111 01111111 00000000 00000000
 00000000 10000000 10000000 01111111 01111111 01111111 00000000 00000000
 00000000 10000000 10000000 01111111 01111111 01111111 00000000 00000000
 00000000 10000000 10000000 01111111 01111111 01111111 00000000 00000000
 00000000 10000000 10000000 01111111 01111111 01111111 00000000 00000000
 00000000 10000000 10000000 01111111 01111111 01111111 00000000 00000000
 00000000 10000000 10000000 01111111 01111111 01111111 00000000 00000000
 00000000 10000000 10000000 01111111 01111111 01111111 00000000 00000000
 00000000 10000000 10000000 01111111 01111111 01111111 00000000 00000000
 00000000 10000000 10000000 01111111 01111111 01111111 00000000 00000000
 00000000 10000000 10000000 01111111 01111111 01111111 00000000 00000000
 00000000 10000000 10000000 01111111 01111111 01111111 00000000 00000000
 00000000 10000000 10000000 01111111 01111111 01111111 00000000 00000000
 00000000 10000000 10000000 01111111 01111111 01111111 00000000 00000000
 00000000 10000000 10000000 01111111 01111111 01111111 00000000 00000000
 00000000 10000000 10000000 01111111 01111111 01111111 00000000 00000000
 00000000 10000000 10000000 01111111 01111111 01111111 00000000 00000000
 00000000 10000000 10000000 01111111 01111111 01111111 00000000 00000000
 00000000 10000000 10000000 01111111 01111111 01111111 00000000 00000000
 00000000 10000000 10000000 01111111 01111111 01111111 00000000 00000000
 00000000 10000000 10000000 01111111 01111111 01111111 00000000 00000000
 00000000 10000000 10000000 01111111 01111111 01111111 00000000 00000000
 00000000 10000000 10000000 01111111 01111111 01111111 00000000 00000000
 00000000 10000000 10000000 01111111 01111111 01111111 00000000 00000000
 00000000 10000000 10000000 01111111 01111111 01111111 00000000 00000000
 00000000 10000000 10000000 01111111 01111111 01111111 00000000 00000000
 00000000 10000000 10000000 01111111 01111111 01111111 00000000 00000000
 00000000 10000000 10000000 01111111 01111111 01111111 00000000 00000000
 00000000 10000000 10000000 01111111 01111111 01111111 00000000 00000000
 00000000 10000000 10000000 01111111 01111111 01111111 00000000 00000000
 00000000 10000000 10000000 01111111 01111111 01111111 00000000 00000000
 00000000 10000000 10000000 01111111 01111111 01111111 00000000 00000000
 00000000 10000000 10000000 01111111 01111111 01111111 00000000 00000000
 00000000 10000000 10000000 01111111 01111111 01111111 00000000 00000000
 00000000 10000000 10000000 01111111 01111111 01111111 00000000 00000000
 00000000 10000000 10000000 01111111 01111111 01111111 00000000 00000000
 00000000 10000000 10000000 01111111 01111111 01111111 00000000 00000000
 00000000 10000000 10000000 01111111 01111111 01111111 00000000 00000000
 00000000 10000000 10000000 01111111 01111111 01111111 00000000 00000000
 00000000 10000000 10000000 01111111 01111111 01111111 00000000 00000000
 00000000 10000000 10000000 01111111 01111111 01111111 00000000 00000000
 00000000 10000000 10000000 01111111 01111111 01111111 00000000 00000000
 00000000 10000000 10000000 01111111 01111111 01111111 00000000 00000000
 00000000 10000000 10000000 01111111 01111111 01111111 00000000 00000000
 00000000 10000000 10000000 01111111 01111111 01111111 00000000 00000000
 00000000 10000000 10000000 01111111 01111111 01111111 00000000 00000000
 00000000 10000000 10000000 01111111 01111111 01111111 00000000 00000000
 00000000 10000000 10000000 01111111 01111111 01111111 00000000 00000000
 00000000 10000000 10000000 01111111 01111111 01111111 00000000 00000000
 00000000 10000000 10000000 01111111 01111111 01111111 00000000 00000000
 00000000 10000000 10000000 01111111 01111111 01111111 00000000 00000000
 00000000 10000000 10000000 01111111 01111111 01111111 00000000 00000000
 00000000 10000000 10000000 01111111 01111111 01111111 00000000 00000000
 00000000 10000000 10000000 01111111 01111111 01111111 00000000 00000000
 00000000 10000000 10000000 01111111 01111111 01111111 00000000 00000000
 00000000 10000000 10000000 01111111 01111111 01111111 00000000 00000000
 00000000 10000000 10000000 01111111 01111111 01111111 00000000 00000000
 00000000 10000000 10000000 01111111 01111111 01111111 00000000 00000000
 00000000 10000000 10000000 01111111 01111111 01111111 00000000 00000000
 00000000 10000000 10000000 01111111 01111111 01111111 00000000 00000000
 00000000 10000000 10000000 01111111 01111111 01111111 00000000 00000000
 00000000 10000000 10000000 01111111 01111111 01111111 00000000 00000000
 00000000 10000000 10000000 01111111 01111111 01111111 00000000 00000000
 00000000 10000000 10000000 01111111 01111111 01111111 00000000 00000000
 00000000 10000000 10000000 01111111 01111111 01111111 00000000 00000000
 00000000 10000000 10000000 01111111 01111111 01111111 00000000 00000000
 00000000 10000000 10000000 01111111 01111111 01111111 00000000 00000000
 00000000 10000000 10000000 01111111 01111111 01111111 00000000 00000000
 00000000 10000000 10000000 01111111 01111111 01111111 00000000 00000000
 00000000 10000000 10000000 01111111 01111111 01111111 00000000 00000000
 00000000 10000000 10000000 01111111 01111111 01111111 00000000 00000000
 00000000 10000000 10000000 01111111 01111111 01111111 00000000 00000000
 00000000 10000000 10000000 01111111 01111111 01111111 00000000 00000000
 00000000 10000000 10000000 01111111 01111111 01111111 00000000 00000000
 00000000 10000000 10000000 01111111 01111111 01111111 00000000 00000000
 00000000 10000000 10000000 01111111 01111111 01111111 00000000 00000000
 00000000 10000000 10000000 01111111 01111111 01111111 00000000 00000000
 00000000 10000000 10000000 01111111 01111111 01111111 00000000 00000000
 00000000 10000000 10000000 01111111 01111111 01111111 00000000 00000000
 00000000 10000000 10000000 01111111 01111111 01111111 00000000 00000000
 00000000 10000000 10000000 01111111 01111111 01111111 00000000 00000000
 00000000 10000000 10000000 01111111 01111111 01111111 00000000 00000000
 00000000 10000000 10000000 01111111 01111111 01111111 00000000 00000000
 00000000 10000000 10000000 01111111 01111111 01111111 00000000 00000000
 00000000 10000000 10000000 01111111 01111111 01111111 00000000 00000000
 00000000 10000000 10000000 01111111 01111111 01111111 00000000 00000000
 00000000 10000000 10000000 01111111 01111111 01111111 00000000 00000000
 00000000 10000000 10000000 01111111 01111111 01111111 00000000 00000000
 00000000 10000000 10000000 01111111 01111111 01111111 00000000 00000000
 00000000 10000000 10000000 01111111 01111111 01111111 00000000 00000000
 00000000 10000000 10000000 01111111 01111111 01111111 00000000 00000000
 00000000 10000000 10000000 01111111 01111111 01111111 00000000 00000000
 00000000 10000000 10000000 01111111 01111111 01111111 00000000 00000000
 00000000 10000000 10000000 01111111 01111111 01111111 00000000 00000000
 00000000 10000000 10000000 01111111 01111111 01111111 00000000 00000000
 00000000 10000000 10000000 01111111 01111111 01111111 00000000 00000000
 00000000 10000000 10000000 01111111 01111111 01111111 00000000 00000000
 00000000 10000000 10000000 01111111 01111111 01111111 00000000 00000000
 00000000 10000000 10000000 01111111 01111111 01111111 00000000 00000000
 00000000 10000000 10000000 01111111 01111111 01111111 00000000 00000000
 00000000 10000000 10000000 01111111 01111111 01111111 00000000 00000000
 00000000 10000000 10000000 01111111 01111111 01111111 00000000 00000000
 00000000 10000000 10000000 01111111 01111111 01111111 00000000 00000000
 00000000 10000000 10000000 01111111 01111111 01111111 00000000 00000000
 00000000 10000000 10000000 01111111 01111111 01111111 00000000 00000000
 00000000 10000000 10000000 01111111 01111111 01111111 00000000 00000000
 00000000 10000000 10000000 01111111 01111111 01111111 00000000 00000000
 00000000 10000000 10000000 01111111 01111111 01111111 00000000 00000000
 00000000 10000000 10000000 01111111 01111111 01111111 00000000 00000000
 00000000 10000000 10000000 01111111 01111111 01111111 00000000 00000000
 00000000 10000000 10000000 01111111 01111111 01111111 00000000 00000000
 00000000 10000000 10000000 01111111 01111111 01111111 00000000 00000000
 00000000 10000000 10000000 01111111 01111111 01111111 00000000 00000000
 00000000 10000000 10000000 10011010 01111111 01111111 00000000 00000000
 00000000 10000000 10000000 10111001 01111111 01111111 00000000 00000000
 00000000 10000000 10000000 11101011 01111111 01111111 00000000 00000000
 00000000 10000000 10000000 11101110 01111111 01111111 00000000 00000000
 00000000 10000000 10000000 11101110 01111111 01111111 00000000 00000000
 00000000 10000000 10000000 11101110 01111111 01111111 00000000 00000000
 00000000 10000000 01110101 11101110 01111111 01111111 00000000 00000000
 00000000 10000000 01110011 11101110 01111111 01111111 00000000 00000000
 00000000 10000000 01110011 11101110 01111111 01111111 00000000 00000000
 00000000 10000000 01110011 11101110 01111111 01111111 00000000 00000000
 00000000 10000000 01110011 11101110 01111111 01111111 00000000 00000000
 00000000 10000000 01110011 11101110 01111111 01111111 00000000 00000000
 00000000 10000000 01110011 11101110 01111111 01111111 00000000 00000000
 00000000 10000000 01110011 11101110 01111111 01111111 00000000 00000000
 00000000 10000000 01110011 11101110 01111111 01111111 00000000 00000000
 00000000 10000000 01110011 11101110 01111111 01111111 00000000 00000000
 00000000 10000000 01110011 11101110 01111111 01111111 00000000 00000000
 00000000 10000000 01110011 11101110 01111111 01111111 00000000 00000000
 00000000 10000000 01110100 11101110 01111111 01111111 00000000 00000000
 00000000 10000000 01110101 11101110 01111111 01111111 00000000 00000000
 00000000 10000000 01110111 11101110 01111111 01111111 00000000 00000000
 00000000 10000000 01111010 11101110 01111111 01111111 00000000 00000000
 00000000 10000000 01111110 11101110 01111111 01111111 00000000 00000000
 00000000 10000000 01111110 11101110 01111111 01111111 00000000 00000000
 00000000 10000000 01111110 11101110 01111111 01111111 00000000 00000000
 00000000 10000000 01111111 11101110 01111111 01111111 00000000 00000000
 00000000 10000000 01111111 11101110 01111111 01111111 00000000 00000000
 00000000 10000000 01111111 11101110 01111111 01111111 00000000 00000000
 00000000 10000000 01111111 11101110 01111111 01111111 00000000 00000000
 00000000 10000000 01111111 11101110 01111111 01111111 00000000 00000000
 00000000 10000000 01111111 11101110 01111111 01111111 00000000 00000000
 00000000 10000000 01111111 11101110 01111111 01111111 00000000 00000000
 00000000 10000000 01111111 11101110 01111111 01111111 00000000 00000000
 00000000 10000000 01111111 11101110 01111111 01111111 00000000 00000000
 00000000 10000000 01111111 11101110 01111111 01111111 00000000 00000000
 00000000 10000000 01111111 11101110 01111111 01111111 00000000 00000000
 00000000 10000000 01111111 11101110 01111111 01111111 00000000 00000000
 00000000 10000000 01111111 11101110 01111111 01111111 00000000 00000000
 00000000 10000000 01111111 11101110 01111111 01111111 00000000 00000000
 00000000 10000000 01111111 11101110 01111111 01111111 00000000 00000000
 00000000 10000000 01111111 11101110 01111111 01111111 00000000 00000000
 00000000 10000000 01111111 11101110 01111111 01111111 00000000 00000000
 00000000 10000000 01111111 11101110 01111111 01111111 00000000 00000000
 00000000 10000000 01111111 11101110 01111111 01111111 00000000 00000000
 00000000 10000000 01111111 11101110 01111111 01111111 00000000 00000000
 00000000 10000000 01111111 11101110 01111111 01111111 00000000 00000000
 00000000 10000000 01111111 11101110 01111111 01111111 00000000 00000000
 00000000 10000000 01111111 11101110 01111111 01111111 00000000 00000000
 00000000 10000000 01111111 11101110 01111111 01111111 00000000 00000000
 00000000 10000000 01111111 11101110 01111111 01111111 00000000 00000000
 00000000 10000000 01111111 11101110 01111111 01111111 00000000 00000000
 00000000 10000000 01111111 11101110 01111111 01111111 00000000 00000000
 00000000 10000000 01111111 11101110 01111111 01111111 00000000 00000000
 00000000 10000000 01111111 11101110 01111111 01111111 00000000 00000000
 00000000 10000000 01111111 11101110 01111111 01111111 00000000 00000000
 00000000 10000000 01111111 11101110 01111111 01111111 00000000 00000000
 00000000 10000000 01111111 11101110 01111111 01111111 00000000 00000000
 00000000 10000000 01111111 11101110 01111111 01111111 00000000 00000000
 00000000 10000000 01111111 11101110 01111111 01111111 00000000 00000000
 00000000 10000000 01111111 11101110 01111111 01111111 00000000 00000000
 00000000 10000000 01111111 11101110 01111111 01111111 00000000 00000000
 00000000 10000000 01111111 11101110 01111111 01111111 00000000 00000000
 00000000 10000000 01111111 11101110 01111111 01111111 00000000 00000000
 00000000 10000000 01111111 11101110 01111111 01111111 00000000 00000000
 00000000 10000000 01111111 11101110 01111111 01111111 00000000 00000000
 00000000 10000000 01111111 11101110 01111111 01111111 00000000 00000000
 00000000 10000000 01111111 11101110 01111111 01111111 00000000 00000000
 00000000 10000000 01111111 11101110 01111111 01111111 00000000 00000000
 00000000 10000000 01111111 11101110 01111111 01111111 00000000 00000000
 00000000 10000000 01111111 11101110 01111111 01111111 00000000 00000000
 00000000 10000000 01111111 11101110 01111111 01111111 00000000 00000000
 00000000 10000000 01111111 11101110 01111111 01111111 00000000 00000000
 00000000 10000000 01111111 11101110 01111111 01111111 00000000 00000000
 00000000 10000000 01111111 11101110 01111111 01111111 00000000 00000000
 00000000 10000000 01111111 11101110 01111111 01111111 00000000 00000000
 00000000 10000000 01111111 11101110 01111111 01111111 00000000 00000000
 00000000 10000000 01111111 11101110 01111111 01111111 00000000 00000000
 00000000 10000000 01111111 11101110 01111111 01111111 00000000 00000000
 00000000 10000000 01111111 11101110 01111111 01111111 00000000 00000000
 00000000 10000000 01111111 11101110 01111111 01111111 00000000 00000000
 00000000 10000000 01111111 11101110 01111111 01111111 00000000 00000000
 00000000 10000000 01111111 11101110 01111111 01111111 00000000 00000000
 00000000 10000000 01111111 11101110 01111111 01111111 00000000 00000000
 00000000 10000000 01111111 11101110 01111111 01111111 00000000 00000000
 00000000 10000000 01111111 11101110 01111111 01111111 00000000 00000000
 00000000 10000000 01111111 11101110 01111111 01111111 00000000 00000000
 00000000 10000000 01111111 11101110 01111111 01111111 00000000 00000000
 00000000 10000000 01111111 11101110 01111111 01111111 00000000 00000000
 00000000 10000000 01111111 11101110 01111111 01111111 00000000 00000000
 00000000 10000000 01111111 11101110 01111111 01111111 00000000 00000000
 00000000 10000000 01111111 11101110 01111111 01111111 00000000 00000000
 00000000 10000000 01111111 11101110 01111111 01111111 00000000 00000000
 00000000 10000000 01111111 11101110 01111111 01111111 00000000 00000000
 00000000 10000000 01111111 11101110 01111111 01111111 00000000 00000000
 00000000 10000000 01111111 11101110 01111111 01111111 00000000 00000000
 00000000 10000000 01111111 11101110 01111111 01111111 00000000 00000000
 00000000 10000000 01111111 11101110 01111111 01111111 00000000 00000000
 00000000 10000000 01111111 11101110 01111111 01111111 00000000 00000000
 00000000 10000000 01111111 11101110 01111111 01111111 00000000 00000000
 00000000 10000000 01111111 11101110 01111111 01111111 00000000 00000000
 00000000 10000000 01111111 11101110 01111111 01111111 00000000 00000000
 00000000 10000000 01111111 11101110 01111111 01111111 00000000 00000000
 00000000 10000000 01111111 11101110 01111111 01111111 00000000 00000000
 00000000 10000000 01111111 11101110 01111111 01111111 00000000 00000000
 00000000 10000000 01111111 11101110 01111111 01111111 00000000 00000000
 00000000 10000000 01111111 11101110 01111111 01111111 00000000 00000000
 00000000 10000000 01111111 11101110 01111111 01111111 00000000 00000000
 00000000 10000000 01111111 11101110 01111111 01111111 00000000 00000000
 00000000 10000000 01111111 11101110 01111111 01111111 00000000 00000000
 00000000 10000000 01111111 11101110 01111111 01111111 00000000 00000000
 00000000 10000000 01111111 11101110 01111111 01111111 00000000 00000000
 00000000 10000000 01111111 11101110 01111111 01111111 00000000 00000000
 00000000 10000000 01111111 11101110 01111111 01111111 00000000 00000000
 00000000 10000000 01111111 11101110 01111111 01111111 00000000 00000000
 00000000 10000000 01111111 11101110 01111111 01111111 00000000 00000000
 00000000 10000000 01111111 11101110 01111111 01111111 00000000 00000000
 00000000 10000000 01111111 11101110 01111111 01111111 00000000 00000000
 00000000 10000000 01111111 11101110 01111111 01111111 00000000 00000000
 00000000 10000000 01111111 11101110 01111111 01111111 00000000 00000000
 00000000 10000000 01111111 11101110 01111111 01111111 00000000 00000000
 00000000 10000000 01111111 11101110 01111111 01111111 00000000 00000000
 00000000 10000000 01111111 11101110 01111111 01111111 00000000 00000000
 00000000 10000000 01111111 11101110 01111111 01111111 00000000 00000000
 00000000 10000000 01111111 11101110 01111111 01111111 00000000 00000000
 00000000 10000000 01111111 11101110 01111111 01111111 00000000 00000000
 00000000 10000000 01111111 11101110 01111111 01111111 00000000 00000000
 00000000 10000000 01111111 11101110 01111111 01111111 00000000 00000000
 00000000 10000000 01111111 11101110 01111111 01111111 00000000 00000000
 00000000 10000000 01111111 11101110 01111111 01111111 00000000 00000000
 00000000 10000000 01111111 11101110 01111111 01111111 00000000 00000000
 00000000 10000000 01111111 11101110 01111111 01111111 00000000 00000000
 00000000 10000000 01111111 11101110 01111111 01111111 00000000 00000000
 00000000 10000000 01111111 11101110 01111111 01111111 00000000 00000000
 00000000 10000000 01111111 11101110 01111111 01111111 00000000 00000000
 00000000 10000000 01111111 11101110 01111111 01111111 00000000 00000000
 00000000 10000000 01111111 11101110 01111111 01111111 00000000 00000000
 00000000 10000000 01111111 11101110 01111111 01111111 00000000 00000000
 00000000 10000000 01111111 11101110 01111111 01111111 00000000 00000000
 00000000 10000000 01111111 11101110 01111111 01111111 00000000 00000000
 00000000 10000000 01111111 11101110 01111111 01111111 00000000 00000000
 00000000 10000000 01111111 11101110 01111111 01111111 00000000 00000000
 00000000 10000000 01111111 11101110 01111111 01111111 00000000 00000000
 00000000 10000000 01111111 11101110 01111111 01111111 00000000 00000000
 00000000 10000000 01111111 11101110 01111111 01111111 00000000 00000000
 00000000 10000000 01111111 11101110 01111111 01111111 00000000 00000000
 00000000 10000000 01111111 11101110 01111111 01111111 00000000 00000000
 00000000 10000000 01111111 11101110 01111111 01111111 00000000 00000000
 00000000 10000000 01111111 11101110 01111111 01111111 00000000 00000000
 00000000 10000000 01111111 11101110 01111111 01111111 00000000 00000000
 00000000 10000000 01111111 11101110 01111111 01111111 00000000 00000000
 00000000 10000000 01111111 11101110 01111111 01111111 00000000 00000000
 00000000 10000000 01111111 11101110 01111111 01111111 00000000 00000000
 00000000 10000000 01111111 11101110 01111111 01111111 00000000 00000000
 00000000 10000000 01111111 11101110 01111111 01111111 00000000 00000000
 00000000 10000000 01111111 11101110 01111111 01111111 00000000 00000000
 00000000 10000000 01111111 11101110 01111111 01111111 00000000 00000000
 00000000 10000000 01111111 11101110 01111111 01111111 00000000 00000000
 00000000 10000000 01111111 11101110 01111111 01111111 00000000 00000000
 00000000 10000000 01111111 11101110 01111111 01111111 00000000 00000000
 00000000 10000000 01111111 11101110 01111111 01111111 00000000 00000000
 00000000 10000000 01111111 11101110 01111111 01111111 00000000 00000000
 00000000 10000000 01111111 11101110 01111111 01111111 00000000 00000000
 00000000 10000000 01111111 11101110 01111111 01111111 00000000 00000000
 00000000 10000000 01111111 11101110 01111111 01111111 00000000 00000000
 00000000 10000000 01111111 11101110 01111111 01111111 00000000 00000000
 00000000 10000000 01111111 11101110 01111111 01111111 00000000 00000000
 00000000 10000000 01111111 11101110 01111111 01111111 00000000 00000000
 00000000 10000000 01111111 11101110 01111111 01111111 00000000 00000000
 00000000 10000000 01111111 11101110 01111111 01111111 00000000 00000000
 00000000 10000000 01111111 11101110 01111111 01111111 00000000 00000000
 00000000 10000000 01111111 11101110 01111111 01111111 00000000 00000000
 00000000 10000000 01111111 11101110 01111111 01111111 00000000 00000000
 00000000 10000000 01111111 11101110 01111111 01111111 00000000 00000000
 00000000 10000000 01111111 11101110 01111111 01111111 00000000 00000000
 00000000 10000000 01111111 11101110 01111111 01111111 00000000 00000000
 00000000 10000000 01111111 11101110 01111111 01111111 00000000 00000000
 00000000 10000000 01111111 11101110 01111111 01111111 00000000 00000000
 00000000 10000000 01111111 11101110 01111111 01111111 00000000 00000000
 00000000 10000000 01111111 11101110 01111111 01111111 00000000 00000000
 00000000 10000000 01111111 11101110 01111111 01111111 00000000 00000000
 00000000 10000000 01111111 11101110 01111111 01111111 00000000 00000000
 00000000 10000000 01111111 11101110 01111111 01111111 00000000 00000000
 00000000 10000000 01111111 11101110 01111111 01111111 00000000 00000000
