 00000000 10000000 10000000 01111111 10000000 10000000 00000000 00000000
 00000000 10000000 10000000 01111111 10000000 10000000 00000000 00000000
 00000000 10000000 10000000 01111111 10000000 10000000 00000000 00000000
 00000000 10000000 10000000 01111111 10000000 10000000 00000000 00000000
 00000000 10000000 10000000 01111111 10000000 10000000 00000000 00000000
 00000000 10000000 10000000 01111111 10000000 10000000 00000000 00000000
 00000000 10000000 10000000 01111111 10000000 10000000 00000000 00000000
 00000000 10000000 10000000 01111111 10000000 10000000 00000000 00000000
 00000000 10000000 10000000 01111111 10000000 10000000 00000000 00000000
 00000000 10000000 10000000 01111111 10000000 10000000 00000000 00000000
 00000000 10000000 10000000 01111111 10000000 10000000 00000000 00000000
 00000000 10000000 10000000 01111111 10000000 10000000 00000000 00000000
 00000000 10000000 10000000 01111111 10000000 10000000 00000000 00000000
 00000000 10000000 10000000 01111111 10000000 10000000 00000000 00000000
 00000000 10000000 10000000 01111111 10000000 10000000 00000000 00000000
 00000000 10000000 10000000 01111111 10000000 10000000 00000000 00000000
 00000000 10000000 10000000 01111111 10000000 10000000 00000000 00000000
 00000000 10000000 10000000 01111111 10000000 10000000 00000000 00000000
 00000000 10000000 10000000 01111111 10000000 10000000 00000000 00000000
 00000000 10000000 10000000 01111111 10000000 10000000 00000000 00000000
 00000000 10000000 10000000 01111111 10000000 10000000 00000000 00000000
 00000000 10000000 10000000 01111111 10000000 10000000 00000000 00000000
 00000000 10000000 10000000 01111111 10000000 10000000 00000000 00000000
 00000000 10000000 10000000 01111111 10000000 10000000 00000000 00000000
 00000000 10000000 10000000 01111111 10000000 10000000 00000000 00000000
 00000000 10000000 10000000 01111111 10000000 10000000 00000000 00000000
 00000000 10000000 10000000 01111111 10000000 10000000 00000000 00000000
 00000000 10000000 10000000 01111111 10000000 10000000 00000000 00000000
 00000000 10000000 10000000 01111111 10000000 10000000 00000000 00000000
 00000000 10000000 10000000 01111111 10000000 10000000 00000000 00000000
 00000000 10000000 10000000 01111111 10000000 10000000 00000000 00000000
 00000000 10000000 10000000 01111111 10000000 10000000 00000000 00000000
 00000000 10000000 10000000 01111111 10000000 10000000 00000000 00000000
 00000000 10000000 10000000 01111111 10000000 10000000 00000000 00000000
 00000000 10000000 10000000 01111111 10000000 10000000 00000000 00000000
 00000000 10000000 10000000 01111111 10000000 10000000 00000000 00000000
 00000000 10000000 10000000 01111111 10000000 10000000 00000000 00000000
 00000000 10000000 10000000 01111111 10000000 10000000 00000000 00000000
 00000000 10000000 10000000 01111111 10000000 10000000 00000000 00000000
 00000000 10000000 10000000 01111111 10000000 10000000 00000000 00000000
 00000000 10000000 10000000 01111111 10000000 10000000 00000000 00000000
 00000000 10000000 10000000 01111111 10000000 10000000 00000000 00000000
 00000000 10000000 10000000 01111111 10000000 10000000 00000000 00000000
 00000000 10000000 10000000 01111111 10000000 10000000 00000000 00000000
 00000000 10000000 10000000 01111111 10000000 10000000 00000000 00000000
 00000000 10000000 10000000 01111111 10000000 10000000 00000000 00000000
 00000000 10000000 10000000 01111111 10000000 10000000 00000000 00000000
 00000000 10000000 10000000 01111111 10000000 10000000 00000000 00000000
 00000000 10000000 10000000 01111111 10000000 10000000 00000000 00000000
 00000000 10000000 10000000 01111111 10000000 10000000 00000000 00000000
 00000000 10000000 10000000 01111111 10000000 10000000 00000000 00000000
 00000000 10000000 10000000 01111111 10000000 10000000 00000000 00000000
 00000000 10000000 10000000 01111111 10000000 10000000 00000000 00000000
 00000000 10000000 10000000 01111111 10000000 10000000 00000000 00000000
 00000000 10000000 10000000 01111111 10000000 10000000 00000000 00000000
 00000000 10000000 10000000 01111111 10000000 10000000 00000000 00000000
 00000000 10000000 10000000 01111111 10000000 10000000 00000000 00000000
 00000000 10000000 10000000 01111111 10000000 10000000 00000000 00000000
 00000000 10000000 10000000 01111111 10000000 10000000 00000000 00000000
 00000000 10000000 10000000 01111111 10000000 10000000 00000000 00000000
 00000000 10000000 10000000 01111111 10000000 10000000 00000000 00000000
 00000000 10000000 10000000 01111111 10000000 10000000 00000000 00000000
 00000000 10000000 10000000 01111111 10000000 10000000 00000000 00000000
 00000000 10000000 10000000 01111111 10000000 10000000 00000000 00000000
 00000000 10000000 10000000 01111111 10000000 10000000 00000000 00000000
 00000000 10000000 10000000 01111111 10000000 10000000 00000000 00000000
 00000000 10000000 10000000 01111111 10000000 10000000 00000000 00000000
 00000000 10000000 10000000 01111111 10000000 10000000 00000000 00000000
 00000000 10000000 10000000 01111111 10000000 10000000 00000000 00000000
 00000000 10000000 10000000 01111111 10000000 10000000 00000000 00000000
 00000000 10000000 10000000 01111111 10000000 10000000 00000000 00000000
 00000000 10000000 10000000 01111111 10000000 10000000 00000000 00000000
 00000000 10000000 10000000 01111111 10000000 10000000 00000000 00000000
 00000000 10000000 10000000 01111111 10000000 10000000 00000000 00000000
 00000000 10000000 10000000 01111111 10000000 10000000 00000000 00000000
 00000000 10000000 10000000 01111111 10000000 10000000 00000000 00000000
 00000000 10000000 10000000 01111111 10000000 10000000 00000000 00000000
 00000000 10000000 10000000 01111111 10000000 10000000 00000000 00000000
 00000000 10000000 10000000 01111111 10000000 10000000 00000000 00000000
 00000000 10000000 10000000 01111111 10000000 10000000 00000000 00000000
 00000000 10000000 10000000 01111111 10000000 10000000 00000000 00000000
 00000000 10000000 10000000 01111111 10000000 10000000 00000000 00000000
 00000000 10000000 10000000 01111111 10000000 10000000 00000000 00000000
 00000000 10000000 10000000 01111111 10000000 10000000 00000000 00000000
 00000000 10000000 10000000 01111111 10000000 10000000 00000000 00000000
 00000000 10000000 10000000 01111111 10000000 10000000 00000000 00000000
 00000000 10000000 10000000 01111111 10000000 10000000 00000000 00000000
 00000000 10000000 10000000 01111111 10000000 10000000 00000000 00000000
 00000000 10000000 10000000 01111111 10000000 10000000 00000000 00000000
 00000000 10000000 10000000 01111111 10000000 10000000 00000000 00000000
 00000000 10000000 10000000 01111111 10000000 10000000 00000000 00000000
 00000000 10000000 10000000 01111111 10000000 10000000 00000000 00000000
 00000000 10000000 10000000 01111111 10000000 10000000 00000000 00000000
 00000000 10000000 10000000 01111111 10000000 10000000 00000000 00000000
 00000000 10000000 10000000 01111111 10000000 10000000 00000000 00000000
 00000000 10000000 10000000 01111111 10000000 10000000 00000000 00000000
 00000000 10000000 10000000 01111111 10000000 10000000 00000000 00000000
 00000000 10000000 10000000 01111111 10000000 10000000 00000000 00000000
 00000000 10000000 10000000 01111111 10000000 10000000 00000000 00000000
 00000000 10000000 10000000 01111111 10000000 10000000 00000000 00000000
 00000000 10000000 10000000 01111111 10000000 10000000 00000000 00000000
 00000000 10000000 10000000 01111111 10000000 10000000 00000000 00000000
 00000000 10000000 10000000 01111111 10000000 10000000 00000000 00000000
 00000000 10000000 10000000 01111111 10000000 10000000 00000000 00000000
 00000000 10000000 10000000 01111111 10000000 10000000 00000000 00000000
 00000000 10000000 10000000 01111111 10000000 10000000 00000000 00000000
 00000000 10000000 10000000 01111111 10000000 10000000 00000000 00000000
 00000000 10000000 10000000 01111111 10000000 10000000 00000000 00000000
 00000000 10000000 10000000 01111111 10000000 10000000 00000000 00000000
 00000000 10000000 10000000 01111111 10000000 10000000 00000000 00000000
 00000000 10000000 10000000 01111111 10000000 10000000 00000000 00000000
 00000000 10000000 10000000 01111111 10000000 10000000 00000000 00000000
 00000000 10000000 10000000 01111111 10000000 10000000 00000000 00000000
 00000000 10000000 10000000 01111111 10000000 10000000 00000000 00000000
 00000000 10000000 10000000 01111111 10000000 10000000 00000000 00000000
 00000000 10000000 10000000 01111111 10000000 10000000 00000000 00000000
 00000000 10000000 10000000 01111111 10000000 10000000 00000000 00000000
 00000000 10000000 10000000 01111111 10000000 10000000 00000000 00000000
 00000000 10000000 10000000 01111111 10000000 10000000 00000000 00000000
 00000000 10000000 10000000 01111111 10000000 10000000 00000000 00000000
 00000000 10000000 10000000 01111111 10000000 10000000 00000000 00000000
 00000000 10000000 10000000 01111111 10000000 10000000 00000000 00000000
 00000000 10000000 10000000 01111111 10000000 10000000 00000000 00000000
 00000000 10000000 10000000 01111111 10000000 10000000 00000000 00000000
 00000000 10000000 10000000 01111111 10000000 10000000 00000000 00000000
 00000000 10000000 10000000 01111111 10000000 10000000 00000000 00000000
 00000000 10000000 10000000 01111111 10000000 10000000 00000000 00000000
 00000000 10000000 10000000 01111111 10000000 10000000 00000000 00000000
 00000000 10000000 10000000 01111111 10000000 10000000 00000000 00000000
 00000000 10000000 10000000 01111111 10000000 10000000 00000000 00000000
 00000000 10000000 10000000 01111111 10000000 10000000 00000000 00000000
 00000000 10000000 10000000 01111111 10000000 10000000 00000000 00000000
 00000000 10000000 10000000 01111111 10000000 10000000 00000000 00000000
 00000000 10000000 10000000 01111111 10000000 10000000 00000000 00000000
 00000000 10000000 10000000 01111111 10000000 10000000 00000000 00000000
 00000000 10000000 10000000 01111111 10000000 10000000 00000000 00000000
 00000000 10000000 10000000 01111111 10000000 10000000 00000000 00000000
 00000000 10000000 10000000 01111111 10000000 10000000 00000000 00000000
 00000000 10000000 10000000 01111111 10000000 10000000 00000000 00000000
 00000000 10000000 10000000 01111111 10000000 10000000 00000000 00000000
 00000000 10000000 10000000 01111111 10000000 10000000 00000000 00000000
 00000000 10000000 10000000 01111111 10000000 10000000 00000000 00000000
 00000000 10000000 10000000 01111111 10000000 10000000 00000000 00000000
 00000000 10000000 10000000 01111111 10000000 10000000 00000000 00000000
 00000000 10000000 10000000 01111111 10000000 10000000 00000000 00000000
 00000000 10000000 10000000 01111111 10000000 10000000 00000000 00000000
 00000000 10000000 10000000 01111111 10000000 10000000 00000000 00000000
 00000000 10000000 10000000 01111111 10000000 10000000 00000000 00000000
 00000000 10000000 10000000 01111111 10000000 10000000 00000000 00000000
 00000000 10000000 10000000 01111111 10000000 10000000 00000000 00000000
 00000000 10000000 10000000 01111111 10000000 10000000 00000000 00000000
 00000000 10000000 10000000 01111111 10000000 10000000 00000000 00000000
 00000000 10000000 10000000 01111111 10000000 10000000 00000000 00000000
 00000000 10000000 10000000 01111111 10000000 10000000 00000000 00000000
 00000000 10000000 10000000 01111111 10000000 10000000 00000000 00000000
 00000000 10000000 10000000 01111111 10000000 10000000 00000000 00000000
 00000000 10000000 10000000 01111111 10000000 10000000 00000000 00000000
 00000000 10000000 10000000 01111111 10000000 10000000 00000000 00000000
 00000000 10000000 10000000 01111111 10000000 10000000 00000000 00000000
 00000000 10000000 10000000 01111111 10000000 10000000 00000000 00000000
 00000000 10000000 10000000 01111111 10000000 10000000 00000000 00000000
 00000000 10000000 10000000 01111111 10000000 10000000 00000000 00000000
 00000000 10000000 10000000 01111111 10000000 10000000 00000000 00000000
 00000000 10000000 10000000 01111111 10000000 10000000 00000000 00000000
 00000000 10000000 10000000 01111111 10000000 10000000 00000000 00000000
 00000000 10000000 10000000 01111111 10000000 10000000 00000000 00000000
 00000000 10000000 10000000 01111111 10000000 10000000 00000000 00000000
 00000000 10000000 10000000 01111111 10000000 10000000 00000000 00000000
 00000000 10000000 10000000 01111111 10000000 10000000 00000000 00000000
 00000000 10000000 10000000 01111111 10000000 10000000 00000000 00000000
 00000000 10000000 10000000 01111111 10000000 10000000 00000000 00000000
 00000000 10000000 10000000 01111111 10000000 10000000 00000000 00000000
 00000000 10000000 10000000 01111111 10000000 10000000 00000000 00000000
 00000000 10000000 10000000 01111111 10000000 10000000 00000000 00000000
 00000000 10000000 10000000 01111111 10000000 10000000 00000000 00000000
 00000000 10000000 10000000 01111111 10000000 10000000 00000000 00000000
 00000000 10000000 10000000 01111111 10000000 10000000 00000000 00000000
 00000000 10000000 10000000 01111111 10000000 10000000 00000000 00000000
 00000000 10000000 10000000 01111111 10000000 10000000 00000000 00000000
 00000000 10000000 10000000 01111111 10000000 10000000 00000000 00000000
 00000000 10000000 10000000 01111111 10000000 10000000 00000000 00000000
 00000000 10000000 10000000 01111111 10000000 10000000 00000000 00000000
 00000000 10000000 01111111 01111111 10000000 10000000 00000000 00000000
 00000000 10000000 01111111 01111111 10000000 10000000 00000000 00000000
 00000000 10000000 01111111 01111111 10000000 10000000 00000000 00000000
 00000000 10000000 01111010 01111111 10000000 10000000 00000000 00000000
 00000000 10000000 01110110 01111111 10000000 10000000 00000000 00000000
 00000000 10000000 01110011 01111111 10000000 10000000 00000000 00000000
 00000000 10000000 01110010 01111111 10000000 10000000 00000000 00000000
 00000000 10000000 01110001 01111111 10000000 10000000 00000000 00000000
 00000000 10000000 01110000 01111111 10000000 10000000 00000000 00000000
 00000000 10000000 01101110 01111111 10000000 10000000 00000000 00000000
 00000000 10000000 01101101 01111111 10000000 10000000 00000000 00000000
 00000000 10000000 01101100 01111111 10000000 10000000 00000000 00000000
 00000000 10000000 01101011 01111111 10000000 10000000 00000000 00000000
 00000000 10000000 01101010 01111111 10000000 10000000 00000000 00000000
 00000000 10000000 01101001 01111111 10000000 10000000 00000000 00000000
 00000000 10000000 01101000 01111111 10000000 10000000 00000000 00000000
 00000000 10000000 01100101 01111111 10000000 10000000 00000000 00000000
 00000000 10000000 01100010 01111111 10000000 10000000 00000000 00000000
 00000000 10000000 01011101 01111111 10000000 10000000 00000000 00000000
 00000000 10000000 01010111 01111111 10000000 10000000 00000000 00000000
 00000000 10000000 01010010 01111111 10000000 10000000 00000000 00000000
 00000000 10000000 01001101 01111111 10000000 10000000 00000000 00000000
 00000000 10000000 01001000 01111111 10000000 10000000 00000000 00000000
 00000000 10000000 01000110 01111111 10000000 10000000 00000000 00000000
 00000000 10000000 01000101 01111111 10000000 10000000 00000000 00000000
 00000000 10000000 01000101 01111111 10000000 10000000 00000000 00000000
 00000000 10000000 01000101 01111111 10000000 10000000 00000000 00000000
 00000000 10000000 01000101 01111111 10000000 10000000 00000000 00000000
 00000000 10000000 01000101 01111111 10000000 10000000 00000000 00000000
 00000000 10000000 01000100 01111111 10000000 10000000 00000000 00000000
 00000000 10000000 01000100 01111111 10000000 10000000 00000000 00000000
 00000000 10000000 01000100 01111111 10000000 10000000 00000000 00000000
 00000000 10000000 01000100 01111111 10000000 10000000 00000000 00000000
 00000000 10000000 01000100 01111111 10000000 10000000 00000000 00000000
 00000000 10000000 01000100 01111111 10000000 10000000 00000000 00000000
 00000000 10000000 01000100 01111111 10000000 10000000 00000000 00000000
 00000000 10000000 01000100 01111111 10000000 10000000 00000000 00000000
 00000000 10000000 01000100 01111111 10000000 10000000 00000000 00000000
 00000000 10000000 01000100 01111111 10000000 10000000 00000000 00000000
 00000000 10000000 01000100 01111111 10000000 10000000 00000000 00000000
 00000000 10000000 01000100 01111111 10000000 10000000 00000000 00000000
 00000000 10000000 01000100 01111111 10000000 10000000 00000000 00000000
 00000000 10000000 01000100 01111111 10000000 10000000 00000000 00000000
 00000000 10000000 01000100 01111111 10000000 10000000 00000000 00000000
 00000000 10000000 01000100 01111111 10000000 10000000 00000000 00000000
 00000000 10000000 01000100 01111111 10000000 10000000 00000000 00000000
 00000000 10000000 01000100 01111111 10000000 10000000 00000000 00000000
 00000000 10000000 01000100 01111111 10000000 10000000 00000000 00000000
 00000000 10000000 01000100 01111111 10000000 10000000 00000000 00000000
 00000000 10000000 01000100 01111111 10000000 10000000 00000000 00000000
 00000000 10000000 01000100 01111111 10000000 10000000 00000000 00000000
 00000000 10000000 01000100 01111111 10000000 10000000 00000000 00000000
 00000000 10000000 01000100 01111111 10000000 10000000 00000000 00000000
 00000000 10000000 01000100 01111111 10000000 10000000 00000000 00000000
 00000000 10000000 01000100 01111111 10000000 10000000 00000000 00000000
 00000000 10000000 01000100 01111111 10000000 10000000 00000000 00000000
 00000000 10000000 01000100 01111111 10000000 10000000 00000000 00000000
 00000000 10000000 01000100 01111111 10000000 10000000 00000000 00000000
 00000000 10000000 01000100 01111111 10000000 10000000 00000000 00000000
 00000000 10000000 01000100 01111111 10000000 10000000 00000000 00000000
 00000000 10000000 01000011 01111111 10000000 10000000 00000000 00000000
 00000000 10000000 01000011 01111111 10000000 10000000 00000000 00000000
 00000000 10000000 01000010 01111111 10000000 10000000 00000000 00000000
 00000000 10000000 01000000 01111111 10000000 10000000 00000000 00000000
 00000000 10000000 00111110 01111111 10000000 10000000 00000000 00000000
 00000000 10000000 00111101 01111111 10000000 10000000 00000000 00000000
 00000000 10000000 00111010 01111111 10000000 10000000 00000000 00000000
 00000000 10000000 00111010 01111111 10000000 10000000 00000000 00000000
 00000000 10000000 00111001 01111111 10000000 10000000 00000000 00000000
 00000000 10000000 00111001 01111111 10000000 10000000 00000000 00000000
 00000000 10000000 00111000 01111111 10000000 10000000 00000000 00000000
 00000000 10000000 00111000 01111111 10000000 10000000 00000000 00000000
 00000000 10000000 00111000 01111111 10000000 10000000 00000000 00000000
 00000000 10000000 00111000 01111111 10000000 10000000 00000000 00000000
 00000000 10000000 00110110 01111111 10000000 10000000 00000000 00000000
 00000000 10000000 00110011 01111111 10000000 10000000 00000000 00000000
 00000000 10000000 00101110 01111111 10000000 10000000 00000000 00000000
 00000000 10000000 00101100 01111111 10000000 10000000 00000000 00000000
 00000000 10000000 00101100 01111111 10000000 10000000 00000000 00000000
 00000000 10000000 00101011 01111111 10000000 10000000 00000000 00000000
 00000000 10000000 00101011 01111111 10000000 10000000 00000000 00000000
 00000000 10000000 00101011 01111111 10000000 10000000 00000000 00000000
 00000000 10000000 00101011 01111111 10000000 10000000 00000000 00000000
 00000000 10000000 00101011 01111111 10000000 10000000 00000000 00000000
 00000000 10000000 00101011 01111111 10000000 10000000 00000000 00000000
 00000000 10000000 00101011 01111111 10000000 10000000 00000000 00000000
 00000000 10000000 00101011 01111111 10000000 10000000 00000000 00000000
 00000000 10000000 00101011 01111111 10000000 10000000 00000000 00000000
 00000000 10000000 00101011 01111111 10000000 10000000 00000000 00000000
 00000000 10000000 00101011 01111111 10000000 10000000 00000000 00000000
 00000000 10000000 00101011 01111111 10000000 10000000 00000000 00000000
 00000000 10000000 00101011 01111111 10000000 10000000 00000000 00000000
 00000000 10000000 00101011 01111111 10000000 10000000 00000000 00000000
 00000000 10000000 00101011 01111111 10000000 10000000 00000000 00000000
 00000000 10000000 00101011 01111111 10000000 10000000 00000000 00000000
 00000000 10000000 00101011 01111111 10000000 10000000 00000000 00000000
 00000000 10000000 00101011 01111111 10000000 10000000 00000000 00000000
 00000000 10000000 00101011 01111111 10000000 10000000 00000000 00000000
 00000000 10000000 00101011 01111111 10000000 10000000 00000000 00000000
 00000000 10000000 00101011 01111111 10000000 10000000 00000000 00000000
 00000000 10000000 00101011 01111111 10000000 10000000 00000000 00000000
 00000000 10000000 00101011 01111111 10000000 10000000 00000000 00000000
 00000000 10000000 00101011 01111111 10000000 10000000 00000000 00000000
 00000000 10000000 00101011 01111111 10000000 10000000 00000000 00000000
 00000000 10000000 00101011 01111111 10000000 10000000 00000000 00000000
 00000000 10000000 00101011 01111111 10000000 10000000 00000000 00000000
 00000000 10000000 00101011 01111111 10000000 10000000 00000000 00000000
 00000000 10000000 00101011 01111111 10000000 10000000 00000000 00000000
 00000000 10000000 00101011 01111111 10000000 10000000 00000000 00000000
 00000000 10000000 00101011 01111111 10000000 10000000 00000000 00000000
 00000000 10000000 00101011 01111111 10000000 10000000 00000000 00000000
 00000000 10000000 00101011 01111111 10000000 10000000 00000000 00000000
 00000000 10000000 00101011 01111111 10000000 10000000 00000000 00000000
 00000000 10000000 00101011 01111111 10000000 10000000 00000000 00000000
 00000000 10000000 00101011 01111111 10000000 10000000 00000000 00000000
 00000000 10000000 00101011 01111111 10000000 10000000 00000000 00000000
 00000000 10000000 00101011 01111111 10000000 10000000 00000000 00000000
 00000000 10000000 00101011 01111111 10000000 10000000 00000000 00000000
 00000000 10000000 00101011 01111111 10000000 10000000 00000000 00000000
 00000000 10000000 00101011 01111111 10000000 10000000 00000000 00000000
 00000000 10000000 00101011 01111111 10000000 10000000 00000000 00000000
 00000000 10000000 00101011 01111111 10000000 10000000 00000000 00000000
 00000000 10000000 00101011 01111111 10000000 10000000 00000000 00000000
 00000000 10000000 00101011 01111111 10000000 10000000 00000000 00000000
 00000000 10000000 00101011 01111111 10000000 10000000 00000000 00000000
 00000000 10000000 00101011 01111111 10000000 10000000 00000000 00000000
 00000000 10000000 00101011 01111111 10000000 10000000 00000000 00000000
 00000000 10000000 00101011 01111111 10000000 10000000 00000000 00000000
 00000000 10000000 00101011 01111111 10000000 10000000 00000000 00000000
 00000000 10000000 00101011 01111111 10000000 10000000 00000000 00000000
 00000000 10000000 00101011 01111111 10000000 10000000 00000000 00000000
 00000000 10000000 00101011 01111111 10000000 10000000 00000000 00000000
 00000000 10000000 00101011 01111111 10000000 10000000 00000000 00000000
 00000000 10000000 00101011 01111111 10000000 10000000 00000000 00000000
 00000000 10000000 00101011 01111111 10000000 10000000 00000000 00000000
 00000000 10000000 00101011 01111111 10000000 10000000 00000000 00000000
 00000000 10000000 00101011 01111111 10000000 10000000 00000000 00000000
 00000000 10000000 00101011 01111111 10000000 10000000 00000000 00000000
 00000000 10000000 00101011 01111111 10000000 10000000 00000000 00000000
 00000000 10000000 00101011 01111111 10000000 10000000 00000000 00000000
 00000000 10000000 00101011 01111111 10000000 10000000 00000000 00000000
 00000000 10000000 00101011 01111111 10000000 10000000 00000000 00000000
 00000000 10000000 00101011 01111111 10000000 10000000 00000000 00000000
 00000000 10000000 00101011 01111111 10000000 10000000 00000000 00000000
 00000000 10000000 00101011 01111111 10000000 10000000 00000000 00000000
 00000000 10000000 00101011 01111111 10000000 10000000 00000000 00000000
 00000000 10000000 00101011 01111111 10000000 10000000 00000000 00000000
 00000000 10000000 00101011 01111111 10000000 10000000 00000000 00000000
 00000000 10000000 00101011 01111111 10000000 10000000 00000000 00000000
 00000000 10000000 00101011 01111111 10000000 10000000 00000000 00000000
 00000000 10000000 00101011 01111111 10000000 10000000 00000000 00000000
 00000000 10000000 00101011 01111111 10000000 10000000 00000000 00000000
 00000000 10000000 00101011 01111111 10000000 10000000 00000000 00000000
 00000000 10000000 00101011 01111111 10000000 10000000 00000000 00000000
 00000000 10000000 00101011 01111111 10000000 10000000 00000000 00000000
 00000000 10000000 00101011 01111111 10000000 10000000 00000000 00000000
 00000000 10000000 00101011 01111111 10000000 10000000 00000000 00000000
 00000000 10000000 00101011 01111111 10000000 10000000 00000000 00000000
 00000000 10000000 00101011 01111111 10000000 10000000 00000000 00000000
 00000000 10000000 00101011 01111111 10000000 10000000 00000000 00000000
 00000000 10000000 00101010 01111111 10000000 10000000 00000000 00000000
 00000000 10000000 00101001 01111111 10000000 10000000 00000000 00000000
 00000000 10000000 00100111 01111111 10000000 10000000 00000000 00000000
 00000000 10000000 00100100 01111111 10000000 10000000 00000000 00000000
 00000000 10000000 00100100 01111111 10000000 10000000 00000000 00000000
 00000000 10000000 00100011 01111111 10000000 10000000 00000000 00000000
 00000000 10000000 00100011 01111111 10000000 10000000 00000000 00000000
 00000000 10000000 00100011 01111111 10000000 10000000 00000000 00000000
 00000000 10000000 00100011 01111111 10000000 10000000 00000000 00000000
 00000000 10000000 00100011 01111111 10000000 10000000 00000000 00000000
 00000000 10000000 00100011 01111111 10000000 10000000 00000000 00000000
 00000000 10000000 00100011 01111111 10000000 10000000 00000000 00000000
 00000000 10000000 00100011 01111111 10000000 10000000 00000000 00000000
 00000000 10000000 00100010 01111111 10000000 10000000 00000000 00000000
 00000000 10000000 00100010 01111111 10000000 10000000 00000000 00000000
 00000000 10000000 00100010 01111111 10000000 10000000 00000000 00000000
 00000000 10000000 00100010 01111111 10000000 10000000 00000000 00000000
 00000000 10000000 00100010 01111111 10000000 10000000 00000000 00000000
 00000000 10000000 00100010 01111111 10000000 10000000 00000000 00000000
 00000000 10000000 00100010 01111111 10000000 10000000 00000000 00000000
 00000000 10000000 00100010 01111111 10000000 10000000 00000000 00000000
 00000000 10000000 00100010 01111111 10000000 10000000 00000000 00000000
 00000000 10000000 00100010 01111111 10000000 10000000 00000000 00000000
 00000000 10000000 00100010 01111111 10000000 10000000 00000000 00000000
 00000000 10000000 00100010 01111111 10000000 10000000 00000000 00000000
 00000000 10000000 00100010 01111111 10000000 10000000 00000000 00000000
 00000000 10000000 00100010 01111111 10000000 10000000 00000000 00000000
 00000000 10000000 00100010 01111111 10000000 10000000 00000000 00000000
 00000000 10000000 00100010 01111111 10000000 10000000 00000000 00000000
 00000000 10000000 00100010 01111111 10000000 10000000 00000000 00000000
 00000000 10000000 00100010 01111111 10000000 10000000 00000000 00000000
 00000000 10000000 00100010 01111111 10000000 10000000 00000000 00000000
 00000000 10000000 00100010 01111111 10000000 10000000 00000000 00000000
 00000000 10000000 00100010 01111111 10000000 10000000 00000000 00000000
 00000000 10000000 00100010 01111111 10000000 10000000 00000000 00000000
 00000000 10000000 00100010 01111111 10000000 10000000 00000000 00000000
 00000000 10000000 00100010 01111111 10000000 10000000 00000000 00000000
 00000000 10000000 00100010 01111111 10000000 10000000 00000000 00000000
 00000000 10000000 00100010 01111111 10000000 10000000 00000000 00000000
 00000000 10000000 00100010 01111111 10000000 10000000 00000000 00000000
 00000000 10000000 00100010 01111111 10000000 10000000 00000000 00000000
 00000000 10000000 00100010 01111111 10000000 10000000 00000000 00000000
 00000000 10000000 00100010 01111111 10000000 10000000 00000000 00000000
 00000000 10000000 00100010 01111111 10000000 10000000 00000000 00000000
 00000000 10000000 00100010 01111111 10000000 10000000 00000000 00000000
 00000000 10000000 00100010 01111111 10000000 10000000 00000000 00000000
 00000000 10000000 00100010 01111111 10000000 10000000 00000000 00000000
 00000000 10000000 00100010 01111111 10000000 10000000 00000000 00000000
 00000000 10000000 00100010 01111111 10000000 10000000 00000000 00000000
 00000000 10000000 00100010 01111111 10000000 10000000 00000000 00000000
 00000000 10000000 00100010 01111111 10000000 10000000 00000000 00000000
 00000000 10000000 00100010 01111111 10000000 10000000 00000000 00000000
 00000000 10000000 00100010 01111111 10000000 10000000 00000000 00000000
 00000000 10000000 00100010 01111111 10000000 10000000 00000000 00000000
 00000000 10000000 00100010 01111111 10000000 10000000 00000000 00000000
 00000000 10000000 00100010 01111111 10000000 10000000 00000000 00000000
 00000000 10000000 00100010 01111111 10000000 10000000 00000000 00000000
 00000000 10000000 00100010 01111111 10000000 10000000 00000000 00000000
 00000000 10000000 00100010 01111111 10000000 10000000 00000000 00000000
 00000000 10000000 00100010 01111111 10000000 10000000 00000000 00000000
 00000000 10000000 00100010 01111111 10000000 10000000 00000000 00000000
 00000000 10000000 00100001 01111111 10000000 10000000 00000000 00000000
 00000000 10000000 00100001 01111111 10000000 10000000 00000000 00000000
 00000000 10000000 00100001 01111111 10000000 10000000 00000000 00000000
 00000000 10000000 00100001 01111111 10000000 10000000 00000000 00000000
 00000000 10000000 00100001 01111111 10000000 10000000 00000000 00000000
 00000000 10000000 00100001 01111111 10000000 10000000 00000000 00000000
 00000000 10000000 00100001 01111111 10000000 10000000 00000000 00000000
 00000000 10000000 00100001 01111111 10000000 10000000 00000000 00000000
 00000000 10000000 00100001 01111111 10000000 10000000 00000000 00000000
 00000000 10000000 00100001 01111111 10000000 10000000 00000000 00000000
 00000000 10000000 00100001 01111111 10000000 10000000 00000000 00000000
 00000000 10000000 00100001 01111111 10000000 10000000 00000000 00000000
 00000000 10000000 00100001 01111111 10000000 10000000 00000000 00000000
 00000000 10000000 00100001 01111111 10000000 10000000 00000000 00000000
 00000000 10000000 00100001 01111111 10000000 10000000 00000000 00000000
 00000000 10000000 00100001 01111111 10000000 10000000 00000000 00000000
 00000000 10000000 00100001 01111111 10000000 10000000 00000000 00000000
 00000000 10000000 00100000 01111111 10000000 10000000 00000000 00000000
 00000000 10000000 00100000 01111111 10000000 10000000 00000000 00000000
 00000000 10000000 00100000 01111111 10000000 10000000 00000000 00000000
 00000000 10000000 00100000 01111111 10000000 10000000 00000000 00000000
 00000000 10000000 00100000 01111111 10000000 10000000 00000000 00000000
 00000000 10000000 00100000 01111111 10000000 10000000 00000000 00000000
 00000000 10000000 00100000 01111111 10000000 10000000 00000000 00000000
 00000000 10000000 00100000 01111111 10000000 10000000 00000000 00000000
 00000000 10000000 00100000 01111111 10000000 10000000 00000000 00000000
 00000000 10000000 00011111 01111111 10000000 10000000 00000000 00000000
 00000000 10000000 00011111 01111111 10000000 10000000 00000000 00000000
 00000000 10000000 00011111 01111111 10000000 10000000 00000000 00000000
 00000000 10000000 00011111 01111111 10000000 10000000 00000000 00000000
 00000000 10000000 00011111 01111111 10000000 10000000 00000000 00000000
 00000000 10000000 00011111 01111111 10000000 10000000 00000000 00000000
 00000000 10000000 00011111 01111111 10000000 10000000 00000000 00000000
 00000000 10000000 00011111 01111111 10000000 10000000 00000000 00000000
 00000000 10000000 00011111 01111111 10000000 10000000 00000000 00000000
 00000000 10000000 00011111 01111111 10000000 10000000 00000000 00000000
 00000000 10000000 00011111 01111111 10000000 10000000 00000000 00000000
 00000000 10000000 00011111 01111111 10000000 10000000 00000000 00000000
 00000000 10000000 00011111 01111111 10000000 10000000 00000000 00000000
 00000000 10000000 00011111 01111111 10000000 10000000 00000000 00000000
 00000000 10000000 00011111 01111111 10000000 10000000 00000000 00000000
 00000000 10000000 00011111 01111111 10000000 10000000 00000000 00000000
 00000000 10000000 00011111 01111111 10000000 10000000 00000000 00000000
 00000000 10000000 00011111 01111111 10000000 10000000 00000000 00000000
 00000000 10000000 00011111 01111111 10000000 10000000 00000000 00000000
 00000000 10000000 00011111 01111111 10000000 10000000 00000000 00000000
 00000000 10000000 00011111 01111111 10000000 10000000 00000000 00000000
 00000000 10000000 00011111 01111111 10000000 10000000 00000000 00000000
 00000000 10000000 00011111 01111111 10000000 10000000 00000000 00000000
 00000000 10000000 00011111 01111111 10000000 10000000 00000000 00000000
 00000000 10000000 00011111 01111111 10000000 10000000 00000000 00000000
 00000000 10000000 00011111 01111111 10000000 10000000 00000000 00000000
 00000000 10000000 00011111 01111111 10000000 10000000 00000000 00000000
 00000000 10000000 00011111 01111111 10000000 10000000 00000000 00000000
 00000000 10000000 00011111 01111111 10000000 10000000 00000000 00000000
 00000000 10000000 00011111 01111111 10000000 10000000 00000000 00000000
 00000000 10000000 00011111 01111111 10000000 10000000 00000000 00000000
 00000000 10000000 00011110 01111111 10000000 10000000 00000000 00000000
 00000000 10000000 00011110 01111111 10000000 10000000 00000000 00000000
 00000000 10000000 00011110 01111111 10000000 10000000 00000000 00000000
 00000000 10000000 00011110 01111111 10000000 10000000 00000000 00000000
 00000000 10000000 00011110 01111111 10000000 10000000 00000000 00000000
 00000000 10000000 00011110 01111111 10000000 10000000 00000000 00000000
 00000000 10000000 00011110 01111111 10000000 10000000 00000000 00000000
 00000000 10000000 00011110 01111111 10000000 10000000 00000000 00000000
 00000000 10000000 00011110 01111111 10000000 10000000 00000000 00000000
 00000000 10000000 00011110 01111111 10000000 10000000 00000000 00000000
 00000000 10000000 00011110 01111111 10000000 10000000 00000000 00000000
 00000000 10000000 00011110 01111111 10000000 10000000 00000000 00000000
 00000000 10000000 00011110 01111111 10000000 10000000 00000000 00000000
 00000000 10000000 00011110 01111111 10000000 10000000 00000000 00000000
 00000000 10000000 00011110 01111111 10000000 10000000 00000000 00000000
 00000000 10000000 00011110 01111111 10000000 10000000 00000000 00000000
 00000000 10000000 00011110 01111111 10000000 10000000 00000000 00000000
 00000000 10000000 00011110 01111111 10000000 10000000 00000000 00000000
 00000000 10000000 00011110 01111111 10000000 10000000 00000000 00000000
 00000000 10000000 00011110 01111111 10000000 10000000 00000000 00000000
 00000000 10000000 00011101 01111111 10000000 10000000 00000000 00000000
 00000000 10000000 00011101 01111111 10000000 10000000 00000000 00000000
 00000000 10000000 00011100 01111111 10000000 10000000 00000000 00000000
 00000000 10000000 00011100 01111111 10000000 10000000 00000000 00000000
 00000000 10000000 00011011 01111111 10000000 10000000 00000000 00000000
 00000000 10000000 00011011 01111111 10000000 10000000 00000000 00000000
 00000000 10000000 00011011 01111111 10000000 10000000 00000000 00000000
 00000000 10000000 00011011 01111111 10000000 10000000 00000000 00000000
 00000000 10000000 00011011 01111111 10000000 10000000 00000000 00000000
 00000000 10000000 00011011 01111111 10000000 10000000 00000000 00000000
 00000000 10000000 00011011 01111111 10000000 10000000 00000000 00000000
 00000000 10000000 00011011 01111111 10000000 10000000 00000000 00000000
 00000000 10000000 00011011 01111111 10000000 10000000 00000000 00000000
 00000000 10000000 00011011 01111111 10000000 10000000 00000000 00000000
 00000000 10000000 00011011 01111111 10000000 10000000 00000000 00000000
 00000000 10000000 00011011 01111111 10000000 10000000 00000000 00000000
 00000000 10000000 00011010 01111111 10000000 10000000 00000000 00000000
 00000000 10000000 00011010 01111111 10000000 10000000 00000000 00000000
 00000000 10000000 00011010 01111111 10000000 10000000 00000000 00000000
 00000000 10000000 00011010 01111111 10000000 10000000 00000000 00000000
 00000000 10000000 00011010 01111111 10000000 10000000 00000000 00000000
 00000000 10000000 00011010 01111111 10000000 10000000 00000000 00000000
 00000000 10000000 00011010 01111111 10000000 10000000 00000000 00000000
 00000000 10000000 00011010 01111111 10000000 10000000 00000000 00000000
 00000000 10000000 00011010 01111111 10000000 10000000 00000000 00000000
 00000000 10000000 00011010 01111111 10000000 10000000 00000000 00000000
 00000000 10000000 00011010 01111111 10000000 10000000 00000000 00000000
 00000000 10000000 00011010 01111111 10000000 10000000 00000000 00000000
 00000000 10000000 00011010 01111111 10000000 10000000 00000000 00000000
 00000000 10000000 00011010 01111111 10000000 10000000 00000000 00000000
 00000000 10000000 00011010 01111111 10000000 10000000 00000000 00000000
 00000000 10000000 00011010 01111111 10000000 10000000 00000000 00000000
 00000000 10000000 00011010 01111111 10000000 10000000 00000000 00000000
 00000000 10000000 00011010 01111111 10000000 10000000 00000000 00000000
 00000000 10000000 00011010 01111111 10000000 10000000 00000000 00000000
 00000000 10000000 00011010 01111111 10000000 10000000 00000000 00000000
 00000000 10000000 00011010 01111111 10000000 10000000 00000000 00000000
 00000000 10000000 00011010 01111111 10000000 10000000 00000000 00000000
 00000000 10000000 00011010 01111111 10000000 10000000 00000000 00000000
 00000000 10000000 00011010 01111111 10000000 10000000 00000000 00000000
 00000000 10000000 00011010 01111111 10000000 10000000 00000000 00000000
 00000000 10000000 00011010 01111111 10000000 10000000 00000000 00000000
 00000000 10000000 00011010 01111111 10000000 10000000 00000000 00000000
 00000000 10000000 00011010 01111111 10000000 10000000 00000000 00000000
 00000000 10000000 00011010 01111111 10000000 10000000 00000000 00000000
 00000000 10000000 00011010 01111111 10000000 10000000 00000000 00000000
 00000000 10000000 00011010 01111111 10000000 10000000 00000000 00000000
 00000000 10000000 00011010 01111111 10000000 10000000 00000000 00000000
 00000000 10000000 00011010 01111111 10000000 10000000 00000000 00000000
 00000000 10000000 00011010 01111111 10000000 10000000 00000000 00000000
 00000000 10000000 00011010 01111111 10000000 10000000 00000000 00000000
 00000000 10000000 00011010 01111111 10000000 10000000 00000000 00000000
 00000000 10000000 00011010 01111111 10000000 10000000 00000000 00000000
 00000000 10000000 00011010 01111111 10000000 10000000 00000000 00000000
 00000000 10000000 00011010 01111111 10000000 10000000 00000000 00000000
 00000000 10000000 00011010 01111111 10000000 10000000 00000000 00000000
 00000000 10000000 00011010 01111111 10000000 10000000 00000000 00000000
 00000000 10000000 00011010 01111111 10000000 10000000 00000000 00000000
 00000000 10000000 00011010 01111111 10000000 10000000 00000000 00000000
 00000000 10000000 00011010 01111111 10000000 10000000 00000000 00000000
 00000000 10000000 00011010 01111111 10000000 10000000 00000000 00000000
 00000000 10000000 00011010 01111111 10000000 10000000 00000000 00000000
 00000000 10000000 00011010 01111111 10000000 10000000 00000000 00000000
 00000000 10000000 00011010 01111111 10000000 10000000 00000000 00000000
 00000000 10000000 00011010 01111111 10000000 10000000 00000000 00000000
 00000000 10000000 00011001 01111111 10000000 10000000 00000000 00000000
 00000000 10000000 00011001 01111111 10000000 10000000 00000000 00000000
 00000000 10000000 00011001 01111111 10000000 10000000 00000000 00000000
 00000000 10000000 00011001 01111111 10000000 10000000 00000000 00000000
 00000000 10000000 00011001 01111111 10000000 10000000 00000000 00000000
 00000000 10000000 00011001 01111111 10000000 10000000 00000000 00000000
 00000000 10000000 00011001 01111111 10000000 10000000 00000000 00000000
 00000000 10000000 00011001 01111111 10000000 10000000 00000000 00000000
 00000000 10000000 00011001 01111111 10000000 10000000 00000000 00000000
 00000000 10000000 00011001 01111111 10000000 10000000 00000000 00000000
 00000000 10000000 00011001 01111111 10000000 10000000 00000000 00000000
 00000000 10000000 00011000 01111111 10000000 10000000 00000000 00000000
 00000000 10000000 00011000 01111111 10000000 10000000 00000000 00000000
 00000000 10000000 00010111 01111111 10000000 10000000 00000000 00000000
 00000000 10000000 00010111 01111111 10000000 10000000 00000000 00000000
 00000000 10000000 00010111 01111111 10000000 10000000 00000000 00000000
 00000000 10000000 00010110 01111111 10000000 10000000 00000000 00000000
 00000000 10000000 00010110 01111111 10000000 10000000 00000000 00000000
 00000000 10000000 00010110 01111111 10000000 10000000 00000000 00000000
 00000000 10000000 00010110 01111111 10000000 10000000 00000000 00000000
 00000000 10000000 00010110 01111111 10000000 10000000 00000000 00000000
 00000000 10000000 00010110 01111111 10000000 10000000 00000000 00000000
 00000000 10000000 00010110 01111111 10000000 10000000 00000000 00000000
 00000000 10000000 00010110 01111111 10000000 10000000 00000000 00000000
 00000000 10000000 00010101 01111111 10000000 10000000 00000000 00000000
 00000000 10000000 00010101 01111111 10000000 10000000 00000000 00000000
 00000000 10000000 00010100 01111111 10000000 10000000 00000000 00000000
 00000000 10000000 00010011 01111111 10000000 10000000 00000000 00000000
 00000000 10000000 00010011 01111111 10000000 10000000 00000000 00000000
 00000000 10000000 00010011 01111111 10000000 10000000 00000000 00000000
 00000000 10000000 00010011 01111111 10000000 10000000 00000000 00000000
 00000000 10000000 00010010 01111111 10000000 10000000 00000000 00000000
 00000000 10000000 00010010 01111111 10000000 10000000 00000000 00000000
 00000000 10000000 00010010 01111111 10000000 10000000 00000000 00000000
 00000000 10000000 00010010 01111111 10000000 10000000 00000000 00000000
 00000000 10000000 00010001 01111111 10000000 10000000 00000000 00000000
 00000000 10000000 00010001 01111111 10000000 10000000 00000000 00000000
 00000000 10000000 00010001 01111111 10000000 10000000 00000000 00000000
 00000000 10000000 00010001 01111111 10000000 10000000 00000000 00000000
 00000000 10000000 00010001 01111111 10000000 10000000 00000000 00000000
 00000000 10000000 00010001 01111111 10000000 10000000 00000000 00000000
 00000000 10000000 00010001 01111111 10000000 10000000 00000000 00000000
 00000000 10000000 00010001 01111111 10000000 10000000 00000000 00000000
 00000000 10000000 00010000 01111111 10000000 10000000 00000000 00000000
 00000000 10000000 00010000 01111111 10000000 10000000 00000000 00000000
 00000000 10000000 00010000 01111111 10000000 10000000 00000000 00000000
 00000000 10000000 00010000 01111111 10000000 10000000 00000000 00000000
 00000000 10000000 00010000 01111111 10000000 10000000 00000000 00000000
 00000000 10000000 00010000 01111111 10000000 10000000 00000000 00000000
 00000000 10000000 00010000 01111111 10000000 10000000 00000000 00000000
 00000000 10000000 00010000 01111111 10000000 10000000 00000000 00000000
 00000000 10000000 00010000 01111111 10000000 10000000 00000000 00000000
 00000000 10000000 00010000 01111111 10000000 10000000 00000000 00000000
 00000000 10000000 00010000 01111111 10000000 10000000 00000000 00000000
 00000000 10000000 00010000 01111111 10000000 10000000 00000000 00000000
 00000000 10000000 00010000 01111111 10000000 10000000 00000000 00000000
 00000000 10000000 00010000 01111111 10000000 10000000 00000000 00000000
 00000000 10000000 00010000 01111111 10000000 10000000 00000000 00000000
 00000000 10000000 00010000 01111111 10000000 10000000 00000000 00000000
 00000000 10000000 00010000 01111111 10000000 10000000 00000000 00000000
 00000000 10000000 00010000 01111111 10000000 10000000 00000000 00000000
 00000000 10000000 00010000 01111111 10000000 10000000 00000000 00000000
 00000000 10000000 00010000 01111111 10000000 10000000 00000000 00000000
 00000000 10000000 00010000 01111111 10000000 10000000 00000000 00000000
 00000000 10000000 00010000 01111111 10000000 10000000 00000000 00000000
 00000000 10000000 00010000 01111111 10000000 10000000 00000000 00000000
 00000000 10000000 00010000 01111111 10000000 10000000 00000000 00000000
 00000000 10000000 00010000 01111111 10000000 10000000 00000000 00000000
 00000000 10000000 00010000 01111111 10000000 10000000 00000000 00000000
 00000000 10000000 00010000 01111111 10000000 10000000 00000000 00000000
 00000000 10000000 00010000 01111111 10000000 10000000 00000000 00000000
 00000000 10000000 00010000 01111111 10000000 10000000 00000000 00000000
 00000000 10000000 00010000 01111111 10000000 10000000 00000000 00000000
 00000000 10000000 00010000 01111111 10000000 10000000 00000000 00000000
 00000000 10000000 00010000 01111111 10000000 10000000 00000000 00000000
 00000000 10000000 00010000 01111111 10000000 10000000 00000000 00000000
 00000000 10000000 00010000 01111111 10000000 10000000 00000000 00000000
 00000000 10000000 00010000 01111111 10000000 10000000 00000000 00000000
 00000000 10000000 00010000 01111111 10000000 10000000 00000000 00000000
 00000000 10000000 00010000 01111111 10000000 10000000 00000000 00000000
 00000000 10000000 00010000 01111111 10000000 10000000 00000000 00000000
 00000000 10000000 00010000 01111111 10000000 10000000 00000000 00000000
 00000000 10000000 00010000 01111111 10000000 10000000 00000000 00000000
 00000000 10000000 00010000 01111111 10000000 10000000 00000000 00000000
 00000000 10000000 00010000 01111111 10000000 10000000 00000000 00000000
 00000000 10000000 00010000 01111111 10000000 10000000 00000000 00000000
 00000000 10000000 00010000 01111111 10000000 10000000 00000000 00000000
 00000000 10000000 00010000 01111111 10000000 10000000 00000000 00000000
 00000000 10000000 00010000 01111111 10000000 10000000 00000000 00000000
 00000000 10000000 00010000 01111111 10000000 10000000 00000000 00000000
 00000000 10000000 00010000 01111111 10000000 10000000 00000000 00000000
 00000000 10000000 00010000 01111111 10000000 10000000 00000000 00000000
 00000000 10000000 00010000 01111111 10000000 10000000 00000000 00000000
 00000000 10000000 00010000 01111111 10000000 10000000 00000000 00000000
 00000000 10000000 00010000 01111111 10000000 10000000 00000000 00000000
 00000000 10000000 00010000 01111111 10000000 10000000 00000000 00000000
 00000000 10000000 00010000 01111111 10000000 10000000 00000000 00000000
 00000000 10000000 00010000 01111111 10000000 10000000 00000000 00000000
 00000000 10000000 00010000 01111111 10000000 10000000 00000000 00000000
 00000000 10000000 00010000 01111111 10000000 10000000 00000000 00000000
 00000000 10000000 00010000 01111111 10000000 10000000 00000000 00000000
 00000000 10000000 00010000 01111111 10000000 10000000 00000000 00000000
 00000000 10000000 00010000 01111111 10000000 10000000 00000000 00000000
 00000000 10000000 00010000 01111111 10000000 10000000 00000000 00000000
 00000000 10000000 00010000 01111111 10000000 10000000 00000000 00000000
 00000000 10000000 00010000 01111111 10000000 10000000 00000000 00000000
 00000000 10000000 00010000 01111111 10000000 10000000 00000000 00000000
 00000000 10000000 00010000 01111111 10000000 10000000 00000000 00000000
 00000000 10000000 00010000 01111111 10000000 10000000 00000000 00000000
 00000000 10000000 00010000 01111111 10000000 10000000 00000000 00000000
 00000000 10000000 00010000 01111111 10000000 10000000 00000000 00000000
 00000000 10000000 00010000 01111111 10000000 10000000 00000000 00000000
 00000000 10000000 00010000 01111111 10000000 10000000 00000000 00000000
 00000000 10000000 00010000 01111111 10000000 10000000 00000000 00000000
 00000000 10000000 00010000 01111111 10000000 10000000 00000000 00000000
 00000000 10000000 00010000 01111111 10000000 10000000 00000000 00000000
 00000000 10000000 00010000 01111111 10000000 10000000 00000000 00000000
 00000000 10000000 00010000 01111111 10000000 10000000 00000000 00000000
 00000000 10000000 00010000 01111111 10000000 10000000 00000000 00000000
 00000000 10000000 00010000 01111111 10000000 10000000 00000000 00000000
 00000000 10000000 00010000 01111111 10000000 10000000 00000000 00000000
 00000000 10000000 00010000 01111111 10000000 10000000 00000000 00000000
 00000000 10000000 00010000 01111111 10000000 10000000 00000000 00000000
 00000000 10000000 00010000 01111111 10000000 10000000 00000000 00000000
 00000000 10000000 00010000 01111111 10000000 10000000 00000000 00000000
 00000000 10000000 00010000 01111111 10000000 10000000 00000000 00000000
 00000000 10000000 00010000 01111111 10000000 10000000 00000000 00000000
 00000000 10000000 00010000 01111111 10000000 10000000 00000000 00000000
 00000000 10000000 00010000 01111111 10000000 10000000 00000000 00000000
 00000000 10000000 00010000 01111111 10000000 10000000 00000000 00000000
 00000000 10000000 00010000 01111111 10000000 10000000 00000000 00000000
 00000000 10000000 00010000 01111111 10000000 10000000 00000000 00000000
 00000000 10000000 00010000 01111111 10000000 10000000 00000000 00000000
 00000000 10000000 00010000 01111111 10000000 10000000 00000000 00000000
 00000000 10000000 00010000 01111111 10000000 10000000 00000000 00000000
 00000000 10000000 00010000 01111111 10000000 10000000 00000000 00000000
 00000000 10000000 00010000 01111111 10000000 10000000 00000000 00000000
 00000000 10000000 00010000 01111111 10000000 10000000 00000000 00000000
 00000000 10000000 00010000 01111111 10000000 10000000 00000000 00000000
 00000000 10000000 00010000 01111111 10000000 10000000 00000000 00000000
 00000000 10000000 00010000 01111111 10000000 10000000 00000000 00000000
 00000000 10000000 00010000 01111111 10000000 10000000 00000000 00000000
 00000000 10000000 00010000 01111111 10000000 10000000 00000000 00000000
 00000000 10000000 00010000 01111111 10000000 10000000 00000000 00000000
 00000000 10000000 00010000 01111111 10000000 10000000 00000000 00000000
 00000000 10000000 00010000 01111111 10000000 10000000 00000000 00000000
 00000000 10000000 00010000 01111111 10000000 10000000 00000000 00000000
 00000000 10000000 00010000 01111111 10000000 10000000 00000000 00000000
 00000000 10000000 00010000 01111111 10000000 10000000 00000000 00000000
 00000000 10000000 00010000 01111111 10000000 10000000 00000000 00000000
 00000000 10000000 00010000 01111111 10000000 10000000 00000000 00000000
 00000000 10000000 00010000 01111111 10000000 10000000 00000000 00000000
 00000000 10000000 00010000 01111111 10000000 10000000 00000000 00000000
 00000000 10000000 00010000 01111111 10000000 10000000 00000000 00000000
 00000000 10000000 00010000 01111111 10000000 10000000 00000000 00000000
 00000000 10000000 00010000 01111111 10000000 10000000 00000000 00000000
 00000000 10000000 00010000 01111111 10000000 10000000 00000000 00000000
 00000000 10000000 00010000 01111111 10000000 10000000 00000000 00000000
 00000000 10000000 00010000 01111111 10000000 10000000 00000000 00000000
 00000000 10000000 00010000 01111111 10000000 10000000 00000000 00000000
 00000000 10000000 00010000 01111111 10000000 10000000 00000000 00000000
 00000000 10000000 00010000 01111111 10000000 10000000 00000000 00000000
 00000000 10000000 00010000 01111111 10000000 10000000 00000000 00000000
 00000000 10000000 00010000 01111111 10000000 10000000 00000000 00000000
 00000000 10000000 00010000 01111111 10000000 10000000 00000000 00000000
 00000000 10000000 00010000 01111111 10000000 10000000 00000000 00000000
 00000000 10000000 00010000 01111111 10000000 10000000 00000000 00000000
 00000000 10000000 00010000 01111111 10000000 10000000 00000000 00000000
 00000000 10000000 00010000 01111111 10000000 10000000 00000000 00000000
 00000000 10000000 00010000 01111111 10000000 10000000 00000000 00000000
 00000000 10000000 00010000 01111111 10000000 10000000 00000000 00000000
 00000000 10000000 00010000 01111111 10000000 10000000 00000000 00000000
 00000000 10000000 00010000 01111111 10000000 10000000 00000000 00000000
 00000000 10000000 00010000 01111111 10000000 10000000 00000000 00000000
 00000000 10000000 00010000 01111111 10000000 10000000 00000000 00000000
 00000000 10000000 00010000 01111111 10000000 10000000 00000000 00000000
 00000000 10000000 00010000 01111111 10000000 10000000 00000000 00000000
 00000000 10000000 00010000 01111111 10000000 10000000 00000000 00000000
 00000000 10000000 00010000 01111111 10000000 10000000 00000000 00000000
 00000000 10000000 00010000 01111111 10000000 10000000 00000000 00000000
 00000000 10000000 00010000 01111111 10000000 10000000 00000000 00000000
 00000000 10000000 00010000 01111111 10000000 10000000 00000000 00000000
 00000000 10000000 00010000 01111111 10000000 10000000 00000000 00000000
 00000000 10000000 00010000 01111111 10000000 10000000 00000000 00000000
 00000000 10000000 00010000 01111111 10000000 10000000 00000000 00000000
 00000000 10000000 00010000 01111111 10000000 10000000 00000000 00000000
 00000000 10000000 00010000 01111111 10000000 10000000 00000000 00000000
 00000000 10000000 00010000 01111111 10000000 10000000 00000000 00000000
 00000000 10000000 00010000 01111111 10000000 10000000 00000000 00000000
 00000000 10000000 00010000 01111111 10000000 10000000 00000000 00000000
 00000000 10000000 00010000 01111111 10000000 10000000 00000000 00000000
 00000000 10000000 00010000 01111111 10000000 10000000 00000000 00000000
 00000000 10000000 00010000 01111111 10000000 10000000 00000000 00000000
 00000000 10000000 00010000 01111111 10000000 10000000 00000000 00000000
 00000000 10000000 00010000 01111111 10000000 10000000 00000000 00000000
 00000000 10000000 00010000 01111111 10000000 10000000 00000000 00000000
 00000000 10000000 00010000 01111111 10000000 10000000 00000000 00000000
 00000000 10000000 00010000 01111111 10000000 10000000 00000000 00000000
 00000000 10000000 00010000 01111111 10000000 10000000 00000000 00000000
 00000000 10000000 00010000 01111111 10000000 10000000 00000000 00000000
 00000000 10000000 00010000 01111111 10000000 10000000 00000000 00000000
 00000000 10000000 00010000 01111111 10000000 10000000 00000000 00000000
 00000000 10000000 00010000 01111111 10000000 10000000 00000000 00000000
 00000000 10000000 00010000 01111111 10000000 10000000 00000000 00000000
 00000000 10000000 00010000 01111111 10000000 10000000 00000000 00000000
 00000000 10000000 00010000 01111111 10000000 10000000 00000000 00000000
 00000000 10000000 00010000 01111111 10000000 10000000 00000000 00000000
 00000000 10000000 00010000 01111111 10000000 10000000 00000000 00000000
 00000000 10000000 00010000 01111111 10000000 10000000 00000000 00000000
 00000000 10000000 00010000 01111111 10000000 10000000 00000000 00000000
 00000000 10000000 00010000 01111111 10000000 10000000 00000000 00000000
 00000000 10000000 00010000 01111111 10000000 10000000 00000000 00000000
 00000000 10000000 00010000 01111111 10000000 10000000 00000000 00000000
 00000000 10000000 00010000 01111111 10000000 10000000 00000000 00000000
 00000000 10000000 00010000 01111111 10000000 10000000 00000000 00000000
 00000000 10000000 00010000 01111111 10000000 10000000 00000000 00000000
 00000000 10000000 00010000 01111111 10000000 10000000 00000000 00000000
 00000000 10000000 00010000 01111111 10000000 10000000 00000000 00000000
