1111101111111111111011111110000000000000000
0000000010000000011111110111111101111111011111110000000000000000
00000000100000000111111101111110000000010000000011111110111111101111111011111110000000000000000
0000000010000000011111110111111101111111011111110000000000000000
0000000010000000011111110111111101111111011111110000000000000000
0000000010000000011111110111111101111111011111110000000000000000
0000000010000000011111110111111101111111011111110000000000000000
0000000010000000011111110111111101111111011111110000000000000000
0000000010000000011111110111111101111111011111110000000000000000
0000000010000000011111110111111101111111011111110000000000000000
0000000010000000011111110111111101111111011111110000000000000000
0000000010000000011111110111111101111111011111110000000000000000
0000000010000000011111110111111101111111011111110000000000000000
0000000010000000011111110111111101111111011111110000000000000000
0000000010000000011111110111111101111111011111110000000000000000
0000000010000000011111110111111101111111011111110000000000000000
0000000010000000011111110111111101111111011111110000000000000000
0000000010000000011111110111111101111111011111110000000000000000
0000000010000000011111110111111101111111011111110000000000000000
0000000010000000011111110111111101111111011111110000000000000000
0000000010000000011111110111111101111111011111110000000000000000
0000000010000000011111110111111101111111011111110000000000000000
0000000010000000011111110111111101111111011111110000000000000000
0000000010000000011111110111111101111111011111110000000000000000
0000000010000000011111110111111101111111011111110000000000000000
0000000010000000011111110111111101111111011111110000000000000000
0000000010000000011111110111111101111111011111110000000000000000
0000000010000000011111110111111101111111011111110000000000000000
0000000010000000011111110111111101111111011111110000000000000000
0000000010000000011111110111111101111111011111110000000000000000
0000000010000000011111110111111101111111011111110000000000000000
0000000010000000011111110111111101111111011111110000000000000000
0000000010000000011111110111111101111111011111110000000000000000
0000000010000000011111110111111101111111011111110000000000000000
0000000010000000011111110111111101111111011111110000000000000000
0000000010000000011111110111111101111111011111110000000000000000
0000000010000000011111110111111101111111011111110000000000000000
0000000010000000011111110111111101111111011111110000000000000000
0000000010000000011111110111111101111111011111110000000000000000
0000000010000000011111110111111101111111011111110000000000000000
0000000010000000011111110111111101111111011111110000000000000000
0000000010000000011111110111111101111111011111110000000000000000
0000000010000000011111110111111101111111011111110000000000000000
0000000010000000011111110111111101111111011111110000000000000000
0000000010000000011111110111111101111111011111110000000000000000
0000000010000000011111110111111101111111011111110000000000000000
0000000010000000011111110111111101111111011111110000000000000000
0000000010000000011111110111111101111111011111110000000000000000
0000000010000000011111110111111101111111011111110000000000000000
0000000010000000011111110111111101111111011111110000000000000000
0000000010000000011111110111111101111111011111110000000000000000
0000000010000000011111110111111101111111011111110000000000000000
0000000010000000011111110111111101111111011111110000000000000000
0000000010000000011111110111111101111111011111110000000000000000
0000000010000000011111110111111101111111011111110000000000000000
0000000010000000011111110111111101111111011111110000000000000000
0000000010000000011111110111111101111111011111110000000000000000
0000000010000000011111110111111101111111011111110000000000000000
0000000010000000011111110111111101111111011111110000000000000000
0000000010000000011111110111111101111111011111110000000000000000
0000000010000000011111110111111101111111011111110000000000000000
0000000010000000011111110111111101111111011111110000000000000000
0000000010000000011111110111111101111111011111110000000000000000
0000000010000000011111110111111101111111011111110000000000000000
0000000010000000011111110111111101111111011111110000000000000000
0000000010000000011111110111111101111111011111110000000000000000
0000000010000000011111110111111101111111011111110000000000000000
0000000010000000011111110111111101111111011111110000000000000000
0000000010000000011111110111111101111111011111110000000000000000
0000000010000000011111110111111101111111011111110000000000000000
0000000010000000011111110111111101111111011111110000000000000000
0000000010000000011111110111111101111111011111110000000000000000
0000000010000000011111110111111101111111011111110000000000000000
0000000010000000011111110111111101111111011111110000000000000000
0000000010000000011111110111111101111111011111110000000000000000
0000000010000000011111110111111101111111011111110000000000000000
0000000010000000011111110111111101111111011111110000000000000000
0000000010000000011111110111111101111111011111110000000000000000
0000000010000000011111110111111101111111011111110000000000000000
0000000010000000011111110111111101111111011111110000000000000000
0000000010000000011111110111111101111111011111110000000000000000
0000000010000000011111110111111101111111011111110000000000000000
0000000010000000011111110111111101111111011111110000000000000000
0000000010000000011111110111111101111111011111110000000000000000
0000000010000000011111110111111101111111011111110000000000000000
0000000010000000011111110111111101111111011111110000000000000000
0000000010000000011111110111111101111111011111110000000000000000
0000000010000000011111110111111101111111011111110000000000000000
0000000010000000011111110111111101111111011111110000000000000000
0000000010000000011111110111111101111111011111110000000000000000
0000000010000000011111110111111101111111011111110000000000000000
0000000010000000011111110111111101111111011111110000000000000000
0000000010000000011111110111111101111111011111110000000000000000
0000000010000000011111110111111101111111011111110000000000000000
0000000010000000011111110111111101111111011111110000000000000000
0000000010000000011111110111111101111111011111110000000000000000
0000000010000000011111110111111101111111011111110000000000000000
0000000010000000011111110111111101111111011111110000000000000000
0000000010000000011111110111111101111111011111110000000000000000
0000000010000000011111110111111101111111011111110000000000000000
0000000010000000011111110111111101111111011111110000000000000000
0000000010000000011111110111111101111111011111110000000000000000
0000000010000000011111110111111101111111011111110000000000000000
0000000010000000011111110111111101111111011111110000000000000000
0000000010000000011111110111111101111111011111110000000000000000
0000000010000000011111110111111101111111011111110000000000000000
0000000010000000011111110111111101111111011111110000000000000000
0000000010000000011111110111111101111111011111110000000000000000
0000000010000000011111110111111101111111011111110000000000000000
0000000010000000011111110111111101111111011111110000000000000000
0000000010000000011111110111111101111111011111110000000000000000
0000000010000000011111110111111101111111011111110000000000000000
0000000010000000011111110111111101111111011111110000000000000000
0000000010000000011111110111111101111111011111110000000000000000
0000000010000000011111110111111101111111011111110000000000000000
0000000010000000011111110111111101111111011111110000000000000000
0000000010000000011111110111111101111111011111110000000000000000
0000000010000000011111110111111101111111011111110000000000000000
0000000010000000011111110111111101111111011111110000000000000000
0000000010000000011111110111111101111111011111110000000000000000
0000000010000000011111110111111101111111011111110000000000000000
0000000010000000011111110111111101111111011111110000000000000000
0000000010000000011111110111111101111111011111110000000000000000
0000000010000000011111110111111101111111011111110000000000000000
0000000010000000011111110111111101111111011111110000000000000000
0000000010000000011111110111111101111111011111110000000000000000
0000000010000000011111110111111101111111011111110000000000000000
0000000010000000011111110111111101111111011111110000000000000000
0000000010000000011111110111111101111111011111110000000000000000
0000000010000000011111110111111101111111011111110000000000000000
0000000010000000011111110111111101111111011111110000000000000000
0000000010000000011111110111111101111111011111110000000000000000
0000000010000000011111110111111101111111011111110000000000000000
0000000010000000011111110111111101111111011111110000000000000000
0000000010000000011111110111111101111111011111110000000000000000
0000000010000000011111110111111101111111011111110000000000000000
0000000010000000011111110111111101111111011111110000000000000000
0000000010000000011111110111111101111111011111110000000000000000
0000000010000000011111110111111101111111011111110000000000000000
0000000010000000011111110111111101111111011111110000000000000000
0000000010000000011111110111111101111111011111110000000000000000
0000000010000000011111110111111101111111011111110000000000000000
0000000010000000011111110111111101111111011111110000000000000000
0000000010000000011111110111111101111111011111110000000000000000
0000000010000000011111110111111101111111011111110000000000000000
0000000010000000011111110111111101111111011111110000000000000000
0000000010000000011111110111111101111111011111110000000000000000
0000000010000000011111110111111101111111011111110000000000000000
0000000010000000011111110111111101111111011111110000000000000000
0000000010000000011111110111111101111111011111110000000000000000
0000000010000000011111110111111110000001011111110000000000000000
0000000010000000011111110111111110010100011111110000000000000000
0000000010000000011111110111111110101110011111110000000000000000
0000000010000000011111110111111111100101011111110000000000000000
0000000010000000011111110111111111101101011111110000000000000000
0000000010000000011111110111111111101110011111110000000000000000
0000000010000000011111110111111111101110011111110000000000000000
0000000010000000011111110111111111101110011111110000000000000000
0000000010000000011111110111111111101110011111110000000000000000
0000000010000000011111110111111111101110011111110000000000000000
0000000010000000011111110111111111101110011111110000000000000000
0000000010000000011111110111111111101110011111110000000000000000
0000000010000000011111110111111111101110011111110000000000000000
0000000010000000011111110111111111101110011111110000000000000000
0000000010000000011111110111111111101110011111110000000000000000
0000000010000000011111110111111111101110011111110000000000000000
0000000010000000011111110111111111101110011111110000000000000000
0000000010000000011111110111111111101110011111110000000000000000
0000000010000000011111110111111111101110011111110000000000000000
0000000010000000011111110111111111101110011111110000000000000000
0000000010000000011111110111111111101110011111110000000000000000
0000000010000000011111110111111111101110011111110000000000000000
0000000010000000011111110111111111101110011111110000000000000000
0000000010000000011111110111111111101110011111110000000000000000
0000000010000000011111110111111111101110011111110000000000000000
0000000010000000011111110111111111101110011111110000000000000000
0000000010000000011111110111111111101110011111110000000000000000
0000000010000000011111110111111111101110011111110000000000000000
0000000010000000011111110111111111101110011111110000000000000000
0000000010000000011111110111111111101110011111110000000000000000
0000000010000000011111110111111111101110011111110000000000000000
0000000010000000011111110111111111101110011111110000000000000000
0000000010000000011111110111111111101110011111110000000000000000
0000000010000000011111110111111111101110011111110000000000000000
0000000010000000011111110111111111101110011111110000000000000000
0000000010000000011111110111111111101110011111110000000000000000
0000000010000000011111110111111111101110011111110000000000000000
0000000010000000011111110111111111101110011111110000000000000000
0000000010000000011111110111111111101110011111110000000000000000
0000000010000000011111110111111111101110011111110000000000000000
0000000010000000011111110111111111101110011111110000000000000000
0000000010000000011111110111111111101110011111110000000000000000
0000000010000000011111110111111111101110011111110000000000000000
0000000010000000011111110111111111101110011111110000000000000000
0000000010000000011111110111111111101110011111110000000000000000
0000000010000000011111110111111111101110011111110000000000000000
0000000010000000011111110111111111101110011111110000000000000000
0000000010000000011111110111111111101110011111110000000000000000
0000000010000000011111110111111111101110011111110000000000000000
0000000010000000011111110111111111101110011111110000000000000000
0000000010000000011111110111111111101110011111110000000000000000
0000000010000000011111110111111111101110011111110000000000000000
0000000010000000011111110111111111101110011111110000000000000000
0000000010000000011111110111111111101110011111110000000000000000
0000000010000000011111110111111111101110011111110000000000000000
0000000010000000011111110111111111101110011111110000000000000000
0000000010000000011111110111111111101110011111110000000000000000
0000000010000000011111110111111111101110011111110000000000000000
0000000010000000011111110111111111101110011111110000000000000000
0000000010000000011111110111111111101110011111110000000000000000
0000000010000000011111110111111111101110011111110000000000000000
0000000010000000011111110111111111101110011111110000000000000000
0000000010000000011111110111111111101110011111110000000000000000
0000000010000000011111110111111111101110011111110000000000000000
0000000010000000011111110111111111101110011111110000000000000000
0000000010000000011111110111111111101110011111110000000000000000
0000000010000000011111110111111111101110011111110000000000000000
0000000010000000011111110111111111101110011111110000000000000000
0000000010000000011111110111111111101110011111110000000000000000
0000000010000000011111110111111111101110011111110000000000000000
0000000010000000011111110111111111101110011111110000000000000000
0000000010000000011111110111111111101110011111110000000000000000
0000000010000000011111110111111111101110011111110000000000000000
0000000010000000011111110111111111101110011111110000000000000000
0000000010000000011111110111111111101110011111110000000000000000
0000000010000000011111110111111111101110011111110000000000000000
0000000010000000011111110111111111101110011111110000000000000000
0000000010000000011111110111111111101110011111110000000000000000
0000000010000000011111110111111111101110011111110000000000000000
0000000010000000011111110111111111101110011111110000000000000000
0000000010000000011111110111111111101110011111110000000000000000
0000000010000000011111110111111111101110011111110000000000000000
0000000010000000011111110111111111101110011111110000000000000000
0000000010000000011111110111111111101110011111110000000000000000
0000000010000000011111110111111111101110011111110000000000000000
0000000010000000011111110111111111101110011111110000000000000000
0000000010000000011111110111111111101110011111110000000000000000
0000000010000000011111110111111111101110011111110000000000000000
0000000010000000011111110111111111101110011111110000000000000000
0000000010000000011111110111111111101110011111110000000000000000
0000000010000000011111110111111111101110011111110000000000000000
0000000010000000011111110111111111101110011111110000000000000000
0000000010000000011111110111111111101110011111110000000000000000
0000000010000000011111110111111111101110011111110000000000000000
0000000010000000011111110111111111101110011111110000000000000000
0000000010000000011111110111111111101110011111110000000000000000
0000000010000000011111110111111111101110011111110000000000000000
0000000010000000011111110111111111101110011111110000000000000000
0000000010000000011111110111111111101110011111110000000000000000
0000000010000000011111110111111111101110011111110000000000000000
0000000010000000011111110111111111101110011111110000000000000000
0000000010000000011111110111111111101110011111110000000000000000
0000000010000000011111110111111111101110011111110000000000000000
0000000010000000011111110111111111101110011111110000000000000000
0000000010000000011111110111111111101110011111110000000000000000
0000000010000000011111110111111111101110011111110000000000000000
0000000010000000011111110111111111101110011111110000000000000000
0000000010000000011111110111111111101110011111110000000000000000
0000000010000000011111110111111111101110011111110000000000000000
0000000010000000011111110111111111101110011111110000000000000000
0000000010000000011111110111111111101110011111110000000000000000
0000000010000000011111110111111111101110011111110000000000000000
0000000010000000011111110111111111101110011111110000000000000000
0000000010000000011111110111111111101110011111110000000000000000
0000000010000000011111110111111111101110011111110000000000000000
0000000010000000011111110111111111101110011111110000000000000000
0000000010000000011111110111111111101110011111110000000000000000
0000000010000000011111110111111111101110011111110000000000000000
0000000010000000011111110111111111101110011111110000000000000000
0000000010000000011111110111111111101110011111110000000000000000
0000000010000000011111110111111111101110011111110000000000000000
0000000010000000011111110111111111101110011111110000000000000000
0000000010000000011111110111111111101110011111110000000000000000
0000000010000000011111110111111111101110011111110000000000000000
0000000010000000011111110111111111101110011111110000000000000000
0000000010000000011111110111111111101110011111110000000000000000
0000000010000000011111110111111111101110011111110000000000000000
0000000010000000011111110111111111101110011111110000000000000000
0000000010000000011111110111111111101110011111110000000000000000
0000000010000000011111110111111111101110011111110000000000000000
0000000010000000011111110111111111101110011111110000000000000000
0000000010000000011111110111111111101110011111110000000000000000
0000000010000000011111110111111111101110011111110000000000000000
0000000010000000011111110111111111101110011111110000000000000000
0000000010000000011111110111111111101110011111110000000000000000
0000000010000000011111110111111111101110011111110000000000000000
0000000010000000011111110111111111101110011111110000000000000000
0000000010000000011111110111111111101110011111110000000000000000
0000000010000000011111110111111111101110011111110000000000000000
0000000010000000011111110111111111101110011111110000000000000000
0000000010000000011111110111111111101110011111110000000000000000
0000000010000000011111110111111111101110011111110000000000000000
0000000010000000011111110111111111101110011111110000000000000000
0000000010000000011111110111111111101110011111110000000000000000
0000000010000000011111110111111111101110011111110000000000000000
0000000010000000011111110111111111101110011111110000000000000000
0000000010000000011111110111111111101110011111110000000000000000
0000000010000000011111110111111111101110011111110000000000000000
0000000010000000011111110111111111101110011111110000000000000000
0000000010000000011111110111111111101110011111110000000000000000
0000000010000000011111110111111111101110011111110000000000000000
0000000010000000011111110111111111101110011111110000000000000000
0000000010000000011111110111111111101110011111110000000000000000
0000000010000000011111110111111111101110011111110000000000000000
0000000010000000011111110111111111101110011111110000000000000000
0000000010000000011111110111111111101110011111110000000000000000
0000000010000000011111110111111111101110011111110000000000000000
0000000010000000011111110111111111101110011111110000000000000000
0000000010000000011111110111111111101110011111110000000000000000
0000000010000000011111110111111111101110011111110000000000000000
0000000010000000011111110111111111101110011111110000000000000000
0000000010000000011111110111111111101110011111110000000000000000
0000000010000000011111110111111111101110011111110000000000000000
0000000010000000011111110111111111101110011111110000000000000000
0000000010000000011111110111111111101110011111110000000000000000
0000000010000000011111110111111111101110011111110000000000000000
0000000010000000011111110111111111101110011111110000000000000000
0000000010000000011111110111111111101110011111110000000000000000
0000000010000000011111110111111111101110011111110000000000000000
0000000010000000011111110111111111101110011111110000000000000000
0000000010000000011111110111111111101110011111110000000000000000
0000000010000000011111110111111111101110011111110000000000000000
0000000010000000011111110111111111101110011111110000000000000000
0000000010000000011111110111111111101110011111110000000000000000
0000000010000000011111110111111111101110011111110000000000000000
0000000010000000011111110111111111101110011111110000000000000000
0000000010000000011111110111111111101110011111110000000000000000
0000000010000000011111110111111111101110011111110000000000000000
0000000010000000011111110111111111101110011111110000000000000000
0000000010000000011111110111111111101110011111110000000000000000
0000000010000000011111110111111111101110011111110000000000000000
0000000010000000011111110111111111101110011