000000000
0000000010000000011111110111111101111111011111110000000000000000
00000010000000011111110111111101111111011111110000000000000000
0000000010000000011111110111111101111111011111110000000000000000
00000010000000011111110111111101111111011111110000000000000000
0000000010000000011111110111111101111111011111110000000000000000
000000000010000000011111110111111101111111011111110000000000000000
0000000010000000011111110111111101111111011111110000000000000000
0000000010000000011111110111111101111111011111110000000000000000
0000000010000000011111110111111101111111011111110000000000000000
0000000010000000011111110111111101111111011111110000000000000000
0000000010000000011111110111111101111111011111110000000000000000
0000000010000000011111110111111101111111011111110000000000000000
0000000010000000011111110111111101111111011111110000000000000000
0000000010000000011111110111111101111111011111110000000000000000
0000000010000000011111110111111101111111011111110000000000000000
0000000010000000011111110111111101111111011111110000000000000000
0000000010000000011111110111111101111111011111110000000000000000
0000000010000000011111110111111101111111011111110000000000000000
0000000010000000011111110111111101111111011111110000000000000000
0000000010000000011111110111111101111111011111110000000000000000
0000000010000000011111110111111101111111011111110000000000000000
0000000010000000011111110111111101111111011111110000000000000000
0000000010000000011111110111111101111111011111110000000000000000
0000000010000000011111110111111101111111011111110000000000000000
0000000010000000011111110111111101111111011111110000000000000000
0000000010000000011111110111111101111111011111110000000000000000
0000000010000000011111110111111101111111011111110000000000000000
0000000010000000011111110111111101111111011111110000000000000000
0000000010000000011111110111111101111111011111110000000000000000
0000000010000000011111110111111101111111011111110000000000000000
0000000010000000011111110111111101111111011111110000000000000000
0000000010000000011111110111111101111111011111110000000000000000
0000000010000000011111110111111101111111011111110000000000000000
0000000010000000011111110111111101111111011111110000000000000000
0000000010000000011111110111111101111111011111110000000000000000
0000000010000000011111110111111101111111011111110000000000000000
0000000010000000011111110111111101111111011111110000000000000000
0000000010000000011111110111111101111111011111110000000000000000
0000000010000000011111110111111101111111011111110000000000000000
0000000010000000011111110111111101111111011111110000000000000000
0000000010000000011111110111111101111111011111110000000000000000
0000000010000000011111110111111101111111011111110000000000000000
0000000010000000011111110111111101111111011111110000000000000000
0000000010000000011111110111111101111111011111110000000000000000
0000000010000000011111110111111101111111011111110000000000000000
0000000010000000011111110111111101111111011111110000000000000000
0000000010000000011111110111111101111111011111110000000000000000
0000000010000000011111110111111101111111011111110000000000000000
0000000010000000011111110111111101111111011111110000000000000000
0000000010000000011111110111111101111111011111110000000000000000
0000000010000000011111110111111101111111011111110000000000000000
0000000010000000011111110111111101111111011111110000000000000000
0000000010000000011111110111111101111111011111110000000000000000
0000000010000000011111110111111101111111011111110000000000000000
0000000010000000011111110111111101111111011111110000000000000000
0000000010000000011111110111111101111111011111110000000000000000
0000000010000000011111110111111101111111011111110000000000000000
0000000010000000011111110111111101111111011111110000000000000000
0000000010000000011111110111111101111111011111110000000000000000
0000000010000000011111110111111101111111011111110000000000000000
0000000010000000011111110111111101111111011111110000000000000000
0000000010000000011111110111111101111111011111110000000000000000
0000000010000000011111110111111101111111011111110000000000000000
0000000010000000011111110111111101111111011111110000000000000000
0000000010000000011111110111111101111111011111110000000000000000
0000000010000000011111110111111101111111011111110000000000000000
0000000010000000011111110111111101111111011111110000000000000000
0000000010000000011111110111111101111111011111110000000000000000
0000000010000000011111110111111101111111011111110000000000000000
0000000010000000011111110111111101111111011111110000000000000000
0000000010000000011111110111111101111111011111110000000000000000
0000000010000000011111110111111101111111011111110000000000000000
0000000010000000011111110111111101111111011111110000000000000000
0000000010000000011111110111111101111111011111110000000000000000
0000000010000000011111110111111101111111011111110000000000000000
0000000010000000011111110111111101111111011111110000000000000000
0000000010000000011111110111111101111111011111110000000000000000
0000000010000000011111110111111101111111011111110000000000000000
0000000010000000011111110111111101111111011111110000000000000000
0000000010000000011111110111111101111111011111110000000000000000
0000000010000000011111110111111101111111011111110000000000000000
0000000010000000011111110111111101111111011111110000000000000000
0000000010000000011111110111111101111111011111110000000000000000
0000000010000000011111110111111101111111011111110000000000000000
0000000010000000011111110111111101111111011111110000000000000000
0000000010000000011111110111111101111111011111110000000000000000
0000000010000000011111110111111101111111011111110000000000000000
0000000010000000011111110111111101111111011111110000000000000000
0000000010000000011111110111111101111111011111110000000000000000
0000000010000000011111110111111101111111011111110000000000000000
0000000010000000011111110111111101111111011111110000000000000000
0000000010000000011111110111111101111111011111110000000000000000
0000000010000000011111110111111101111111011111110000000000000000
0000000010000000011111110111111101111111011111110000000000000000
0000000010000000011111110111111101111111011111110000000000000000
0000000010000000011111110111111101111111011111110000000000000000
0000000010000000011111110111111101111111011111110000000000000000
0000000010000000011111110111111101111111011111110000000000000000
0000000010000000011111110111111101111111011111110000000000000000
0000000010000000011111110111111101111111011111110000000000000000
0000000010000000011111110111111101111111011111110000000000000000
0000000010000000011111110111111101111111011111110000000000000000
0000000010000000011111110111111101111111011111110000000000000000
0000000010000000011111110111111101111111011111110000000000000000
0000000010000000011111110111111101111111011111110000000000000000
0000000010000000011111110111111101111111011111110000000000000000
0000000010000000011111110111111101111111011111110000000000000000
0000000010000000011111110111111101111111011111110000000000000000
0000000010000000011111110111111101111111011111110000000000000000
0000000010000000011111110111111101111111011111110000000000000000
0000000010000000011111110111111101111111011111110000000000000000
0000000010000000011111110111111101111111011111110000000000000000
0000000010000000011111110111111101111111011111110000000000000000
0000000010000000011111110111111101111111011111110000000000000000
0000000010000000011111110111111101111111011111110000000000000000
0000000010000000011111110111111101111111011111110000000000000000
0000000010000000011111110111111101111111011111110000000000000000
0000000010000000011111110111111101111111011111110000000000000000
0000000010000000011111110111111101111111011111110000000000000000
0000000010000000011111110111111101111111011111110000000000000000
0000000010000000011111110111111101111111011111110000000000000000
0000000010000000011111110111111101111111011111110000000000000000
0000000010000000011111110111111101111111011111110000000000000000
0000000010000000011111110111111101111111011111110000000000000000
0000000010000000011111110111111101111111011111110000000000000000
0000000010000000011111110111111101111111011111110000000000000000
0000000010000000011111110110111101111111011111110000000000000000
0000000010000000011111110100011001111111011111110000000000000000
0000000010000000011111110001100101111111011111110000000000000000
0000000010000000011111110001000001111111011111110000000000000000
0000000010000000011111110001000001111111011111110000000000000000
0000000010000000011111110001000001111111011111110000000000000000
0000000010000000011111110001000001111111011111110000000000000000
0000000010000000011111110001000001111111011111110000000000000000
0000000010000000011111110001000001111111011111110000000000000000
0000000010000000011111110001000001111111011111110000000000000000
0000000010000000011111110001000001111111011111110000000000000000
0000000010000000011111110001000001111111011111110000000000000000
0000000010000000011111110001000001111111011111110000000000000000
0000000010000000011111110001000001111111011111110000000000000000
0000000010000000011111110001000001111111011111110000000000000000
0000000010000000011111110001000001111111011111110000000000000000
0000000010000000011111110001000001111111011111110000000000000000
0000000010000000011111110001000001111111011111110000000000000000
0000000010000000011111110001000001111111011111110000000000000000
0000000010000000011111110001000001111111011111110000000000000000
0000000010000000011111110001000001111111011111110000000000000000
0000000010000000011111110001000001111111011111110000000000000000
0000000010000000011111110001000001111111011111110000000000000000
0000000010000000011111110001000001111111011111110000000000000000
0000000010000000011111110001000001111111011111110000000000000000
0000000010000000011111110001000001111111011111110000000000000000
0000000010000000011111110001000001111111011111110000000000000000
0000000010000000011111110001000001111111011111110000000000000000
0000000010000000011111110001000001111111011111110000000000000000
0000000010000000011111110001000001111111011111110000000000000000
0000000010000000011111110001000001111111011111110000000000000000
0000000010000000011111110001000001111111011111110000000000000000
0000000010000000011111110001000001111111011111110000000000000000
0000000010000000011111110001000001111111011111110000000000000000
0000000010000000011111110001000001111111011111110000000000000000
0000000010000000011111110001000001111111011111110000000000000000
0000000010000000011111110001000001111111011111110000000000000000
0000000010000000011111110001000001111111011111110000000000000000
0000000010000000011111110001000001111111011111110000000000000000
0000000010000000011111110001000001111111011111110000000000000000
0000000010000000011111110001000001111111011111110000000000000000
0000000010000000011111110001000001111111011111110000000000000000
0000000010000000011111110001000001111111011111110000000000000000
0000000010000000011111110001000001111111011111110000000000000000
0000000010000000011111110001000001111111011111110000000000000000
0000000010000000011111110001000001111111011111110000000000000000
0000000010000000011111110001000001111111011111110000000000000000
0000000010000000011111110001000001111111011111110000000000000000
0000000010000000011111110001000001111111011111110000000000000000
0000000010000000011111110001000001111111011111110000000000000000
0000000010000000011111110001000001111111011111110000000000000000
0000000010000000011111110001000001111111011111110000000000000000
0000000010000000011111110001000001111111011111110000000000000000
0000000010000000011111110001000001111111011111110000000000000000
0000000010000000011111110001000001111111011111110000000000000000
0000000010000000011111110001000001111111011111110000000000000000
0000000010000000011111110001000001111111011111110000000000000000
0000000010000000011111110001000001111111011111110000000000000000
0000000010000000011111110001000001111111011111110000000000000000
0000000010000000011111110001000001111111011111110000000000000000
0000000010000000011111110001000001111111011111110000000000000000
0000000010000000011111110001000001111111011111110000000000000000
0000000010000000011111110001000001111111011111110000000000000000
0000000010000000011111110001000001111111011111110000000000000000
0000000010000000011111110001000001111111011111110000000000000000
0000000010000000011111110001000001111111011111110000000000000000
0000000010000000011111110001000001111111011111110000000000000000
0000000010000000011111110001000001111111011111110000000000000000
0000000010000000011111110001000001111111011111110000000000000000
0000000010000000011111110001000001111111011111110000000000000000
0000000010000000011111110001000001111111011111110000000000000000
0000000010000000011111110001000001111111011111110000000000000000
0000000010000000011111110001000001111111011111110000000000000000
0000000010000000011111110001000001111111011111110000000000000000
0000000010000000011111110001000001111111011111110000000000000000
0000000010000000011111110001000001111111011111110000000000000000
0000000010000000011111110001000001111111011111110000000000000000
0000000010000000011111110001000001111111011111110000000000000000
0000000010000000011111110001000001111111011111110000000000000000
0000000010000000011111110001000001111111011111110000000000000000
0000000010000000011111110001000001111111011111110000000000000000
0000000010000000011111110001000001111111011111110000000000000000
0000000010000000011111110001000001111111011111110000000000000000
0000000010000000011111110001000001111111011111110000000000000000
0000000010000000011111110001000001111111011111110000000000000000
0000000010000000011111110001000001111111011111110000000000000000
0000000010000000011111110001000001111111011111110000000000000000
0000000010000000011111110001000001111111011111110000000000000000
0000000010000000011111110001000001111111011111110000000000000000
0000000010000000011111110001000001111111011111110000000000000000
0000000010000000011111110001000001111111011111110000000000000000
0000000010000000011111110001000001111111011111110000000000000000
0000000010000000011111110001000001111111011111110000000000000000
0000000010000000011111110001000001111111011111110000000000000000
0000000010000000011111110001000001111111011111110000000000000000
0000000010000000011111110001000001111111011111110000000000000000
0000000010000000011111110001000001111111011111110000000000000000
0000000010000000011111110001000001111111011111110000000000000000
0000000010000000011111110001000001111111011111110000000000000000
0000000010000000011111110001000001111111011111110000000000000000
0000000010000000011111110001000001111111011111110000000000000000
0000000010000000011111110001000001111111011111110000000000000000
0000000010000000011111110001000001111111011111110000000000000000
0000000010000000011111110001000001111111011111110000000000000000
0000000010000000011111110001000001111111011111110000000000000000
0000000010000000011111110001000001111111011111110000000000000000
0000000010000000011111110001000001111111011111110000000000000000
0000000010000000011111110001000001111111011111110000000000000000
0000000010000000011111110001000001111111011111110000000000000000
0000000010000000011111110001000001111111011111110000000000000000
0000000010000000011111110001000001111111011111110000000000000000
0000000010000000011111110001000001111111011111110000000000000000
0000000010000000011111110001000001111111011111110000000000000000
0000000010000000011111110001000001111111011111110000000000000000
0000000010000000011111110001000001111111011111110000000000000000
0000000010000000011111110001000001111111011111110000000000000000
0000000010000000011111110001000001111111011111110000000000000000
0000000010000000011111110001000001111111011111110000000000000000
0000000010000000011111110001000001111111011111110000000000000000
0000000010000000011111110001000001111111011111110000000000000000
0000000010000000011111110001000001111111011111110000000000000000
0000000010000000011111110001000001111111011111110000000000000000
0000000010000000011111110001000001111111011111110000000000000000
0000000010000000011111110001000001111111011111110000000000000000
0000000010000000011111110001000001111111011111110000000000000000
0000000010000000011111110001000001111111011111110000000000000000
0000000010000000011111110001000001111111011111110000000000000000
0000000010000000011111110001000001111111011111110000000000000000
0000000010000000011111110001000001111111011111110000000000000000
0000000010000000011111110001000001111111011111110000000000000000
0000000010000000011111110001000001111111011111110000000000000000
0000000010000000011111110001000001111111011111110000000000000000
0000000010000000011111110001000001111111011111110000000000000000
0000000010000000011111110001000001111111011111110000000000000000
0000000010000000011111110001000001111111011111110000