000000011111110111111110000000011111110000000000000000
00000000100000000111111101111111100000011111110000000000000000
0000000010000000011111110111111110000000011111110000000000000000
00000000100000000111111101111111100000000010000000011111110111111110000000011111110000000000000000
0000000010000000011111110111111110000000011111110000000000000000
0000000010000000011111110111111110000000011111110000000000000000
0000000010000000011111110111111110000000011111110000000000000000
0000000010000000011111110111111110000000011111110000000000000000
0000000010000000011111110111111110000000011111110000000000000000
0000000010000000011111110111111110000000011111110000000000000000
0000000010000000011111110111111110000000011111110000000000000000
0000000010000000011111110111111110000000011111110000000000000000
0000000010000000011111110111111110000000011111110000000000000000
0000000010000000011111110111111110000000011111110000000000000000
0000000010000000011111110111111110000000011111110000000000000000
0000000010000000011111110111111110000000011111110000000000000000
0000000010000000011111110111111110000000011111110000000000000000
0000000010000000011111110111111110000000011111110000000000000000
0000000010000000011111110111111110000000011111110000000000000000
0000000010000000011111110111111110000000011111110000000000000000
0000000010000000011111110111111110000000011111110000000000000000
0000000010000000011111110111111110000000011111110000000000000000
0000000010000000011111110111111110000000011111110000000000000000
0000000010000000011111110111111110000000011111110000000000000000
0000000010000000011111110111111110000000011111110000000000000000
0000000010000000011111110111111110000000011111110000000000000000
0000000010000000011111110111111110000000011111110000000000000000
0000000010000000011111110111111110000000011111110000000000000000
0000000010000000011111110111111110000000011111110000000000000000
0000000010000000011111110111111110000000011111110000000000000000
0000000010000000011111110111111110000000011111110000000000000000
0000000010000000011111110111111110000000011111110000000000000000
0000000010000000011111110111111110000000011111110000000000000000
0000000010000000011111110111111110000000011111110000000000000000
0000000010000000011111110111111110000000011111110000000000000000
0000000010000000011111110111111110000000011111110000000000000000
0000000010000000011111110111111110000000011111110000000000000000
0000000010000000011111110111111110000000011111110000000000000000
0000000010000000011111110111111110000000011111110000000000000000
0000000010000000011111110111111110000000011111110000000000000000
0000000010000000011111110111111110000000011111110000000000000000
0000000010000000011111110111111110000000011111110000000000000000
0000000010000000011111110111111110000000011111110000000000000000
0000000010000000011111110111111110000000011111110000000000000000
0000000010000000011111110111111110000000011111110000000000000000
0000000010000000011111110111111110000000011111110000000000000000
0000000010000000011111110111111110000000011111110000000000000000
0000000010000000011111110111111110000000011111110000000000000000
0000000010000000011111110111111110000000011111110000000000000000
0000000010000000011111110111111110000000011111110000000000000000
0000000010000000011111110111111110000000011111110000000000000000
0000000010000000011111110111111110000000011111110000000000000000
0000000010000000011111110111111110000000011111110000000000000000
0000000010000000011111110111111110000000011111110000000000000000
0000000010000000011111110111111110000000011111110000000000000000
0000000010000000011111110111111110000000011111110000000000000000
0000000010000000011111110111111110000000011111110000000000000000
0000000010000000011111110111111110000000011111110000000000000000
0000000010000000011111110111111110000000011111110000000000000000
0000000010000000011111110111111110000000011111110000000000000000
0000000010000000011111110111111110000000011111110000000000000000
0000000010000000011111110111111110000000011111110000000000000000
0000000010000000011111110111111110000000011111110000000000000000
0000000010000000011111110111111110000000011111110000000000000000
0000000010000000011111110111111110000000011111110000000000000000
0000000010000000011111110111111110000000011111110000000000000000
0000000010000000011111110111111110000000011111110000000000000000
0000000010000000011111110111111110000000011111110000000000000000
0000000010000000011111110111111110000000011111110000000000000000
0000000010000000011111110111111110000000011111110000000000000000
0000000010000000011111110111111110000000011111110000000000000000
0000000010000000011111110111111110000000011111110000000000000000
0000000010000000011111110111111110000000011111110000000000000000
0000000010000000011111110111111110000000011111110000000000000000
0000000010000000011111110111111110000000011111110000000000000000
0000000010000000011111110111111110000000011111110000000000000000
0000000010000000011111110111111110000000011111110000000000000000
0000000010000000011111110111111110000000011111110000000000000000
0000000010000000011111110111111110000000011111110000000000000000
0000000010000000011111110111111110000000011111110000000000000000
0000000010000000011111110111111110000000011111110000000000000000
0000000010000000011111110111111110000000011111110000000000000000
0000000010000000011111110111111110000000011111110000000000000000
0000000010000000011111110111111110000000011111110000000000000000
0000000010000000011111110111111110000000011111110000000000000000
0000000010000000011111110111111110000000011111110000000000000000
0000000010000000011111110111111110000000011111110000000000000000
0000000010000000011111110111111110000000011111110000000000000000
0000000010000000011111110111111110000000011111110000000000000000
0000000010000000011111110111111110000000011111110000000000000000
0000000010000000011111110111111110000000011111110000000000000000
0000000010000000011111110111111110000000011111110000000000000000
0000000010000000011111110111111110000000011111110000000000000000
0000000010000000011111110111111110000000011111110000000000000000
0000000010000000011111110111111110000000011111110000000000000000
0000000010000000011111110111111110000000011111110000000000000000
0000000010000000011111110111111110000000011111110000000000000000
0000000010000000011111110111111110000000011111110000000000000000
0000000010000000011111110111111110000000011111110000000000000000
0000000010000000011111110111111110000000011111110000000000000000
0000000010000000011111110111111110000000011111110000000000000000
0000000010000000011111110111111110000000011111110000000000000000
0000000010000000011111110111111110000000011111110000000000000000
0000000010000000011111110111111110000000011111110000000000000000
0000000010000000011111110111111110000000011111110000000000000000
0000000010000000011111110111111110000000011111110000000000000000
0000000010000000011111110111111110000000011111110000000000000000
0000000010000000011111110111111110000000011111110000000000000000
0000000010000000011111110111111110000000011111110000000000000000
0000000010000000011111110111111110000000011111110000000000000000
0000000010000000011111110111111110000000011111110000000000000000
0000000010000000011111110111111110000000011111110000000000000000
0000000010000000011111110111111110000000011111110000000000000000
0000000010000000011111110111111110000000011111110000000000000000
0000000010000000011111110111111110000000011111110000000000000000
0000000010000000011111110111111110000000011111110000000000000000
0000000010000000011111110111111110000000011111110000000000000000
0000000010000000011111110111111110000000011111110000000000000000
0000000010000000011111110111111110000000011111110000000000000000
0000000010000000011111110111111110000000011111110000000000000000
0000000010000000011111110111111110000000011111110000000000000000
0000000010000000011111110111111110000000011111110000000000000000
0000000010000000011111110111111110000000011111110000000000000000
0000000010000000011111110111111110000000011111110000000000000000
0000000010000000011111110111111110000000011111110000000000000000
0000000010000000011111110111111110000000011111110000000000000000
0000000010000000011111110111111110000000011111110000000000000000
0000000010000000011111110111111110000000011111110000000000000000
0000000010000000011111110111111110000000011111110000000000000000
0000000010000000011111110111111110000000011111110000000000000000
0000000010000000011111110111111110000000011111110000000000000000
0000000010000000011111110111111110000000011111110000000000000000
0000000010000000011111110111111110000000011111110000000000000000
0000000010000000011111110111111110000000011111110000000000000000
0000000010000000011111110111111110000000011111110000000000000000
0000000010000000011111110111111110000000011111110000000000000000
0000000010000000011111110111111110000000011111110000000000000000
0000000010000000011111110111111110000000011111110000000000000000
0000000010000000011111110111111110000000011111110000000000000000
0000000010000000011111110111111110000000011111110000000000000000
0000000010000000011111110111111110000000011111110000000000000000
0000000010000000011111110111111110000000011111110000000000000000
0000000010000000011111110111111110000000011111110000000000000000
0000000010000000011111110111111110000000011111110000000000000000
0000000010000000011111110111111110000000011111110000000000000000
0000000010000000011111110111111110000000011111110000000000000000
0000000010000000011111110111111110000000011111110000000000000000
0000000010000000011111110111111110000000011111110000000000000000
0000000010000000011111110111111110000000011111110000000000000000
0000000010000000011111110111111110000000011111110000000000000000
0000000010000000011111110111111110000000011111110000000000000000
0000000010000000011111110111111110000000011111110000000000000000
0000000010000000011111110111111110000000011111110000000000000000
0000000010000000011111110111111110000000100000100000000000000000
0000000010000000011111110111111110000000100101110000000000000000
0000000010000000011111110111111110000000101011110000000000000000
0000000010000000011111110111111110000000110111010000000000000000
0000000010000000011111110111111110000000111011010000000000000000
0000000010000000011111110111111110000000111011100000000000000000
0000000010000000011111110111111110000000111011100000000000000000
0000000010000000011111110111111110000000111011100000000000000000
0000000010000000011111110111111110000000111011100000000000000000
0000000010000000011111110111111110000000111011100000000000000000
0000000010000000011111110111111110000000111011100000000000000000
0000000010000000011111110111111110000000111011100000000000000000
0000000010000000011111110111111110000000111011100000000000000000
0000000010000000011111110111111110000000111011100000000000000000
0000000010000000011111110111111110000000111011100000000000000000
0000000010000000011111110111111110000000111011100000000000000000
0000000010000000011111110111111110000000111011100000000000000000
0000000010000000011111110111111110000000111011100000000000000000
0000000010000000011111110111111110000000111011100000000000000000
0000000010000000011111110111111110000000111011100000000000000000
0000000010000000011111110111111110000000111011100000000000000000
0000000010000000011111110111111110000000111011100000000000000000
0000000010000000011111110111111110000000111011100000000000000000
0000000010000000011111110111111110000000111011100000000000000000
0000000010000000011111110111111110000000111011100000000000000000
0000000010000000011111110111111110000000111011100000000000000000
0000000010000000011111110111111110000000111011100000000000000000
0000000010000000011111110111111110000000111011100000000000000000
0000000010000000011111110111111110000000111011100000000000000000
0000000010000000011111110111111110000000111011100000000000000000
0000000010000000011111110111111110000000111011100000000000000000
0000000010000000011111110111111110000000111011100000000000000000
0000000010000000011111110111111110000000111011100000000000000000
0000000010000000011111110111111110000000111011100000000000000000
0000000010000000011111110111111110000000111011100000000000000000
0000000010000000011111110111111110000000111011100000000000000000
0000000010000000011111110111111110000000111011100000000000000000
0000000010000000011111110111111110000000111011100000000000000000
0000000010000000011111110111111110000000111011100000000000000000
0000000010000000011111110111111110000000111011100000000000000000
0000000010000000011111110111111110000000111011100000000000000000
0000000010000000011111110111111110000000111011100000000000000000
0000000010000000011111110111111110000000111011100000000000000000
0000000010000000011111110111111110000000111011100000000000000000
0000000010000000011111110111111110000000111011100000000000000000
0000000010000000011111110111111110000000111011100000000000000000
0000000010000000011111110111111110000000111011100000000000000000
0000000010000000011111110111111110000000111011100000000000000000
0000000010000000011111110111111110000000111011100000000000000000
0000000010000000011111110111111110000000111011100000000000000000
0000000010000000011111110111111110000000111011100000000000000000
0000000010000000011111110111111110000000111011100000000000000000
0000000010000000011111110111111110000000111011100000000000000000
0000000010000000011111110111111110000000111011100000000000000000
0000000010000000011111110111111110000000111011100000000000000000
0000000010000000011111110111111110000000111011100000000000000000
0000000010000000011111110111111110000000111011100000000000000000
0000000010000000011111110111111110000000111011100000000000000000
0000000010000000011111110111111110000000111011100000000000000000
0000000010000000011111110111111110000000111011100000000000000000
0000000010000000011111110111111110000000111011100000000000000000
0000000010000000011111110111111110000000111011100000000000000000
0000000010000000011111110111111110000000111011100000000000000000
0000000010000000011111110111111110000000111011100000000000000000
0000000010000000011111110111111110000000111011100000000000000000
0000000010000000011111110111111110000000111011100000000000000000
0000000010000000011111110111111110000000111011100000000000000000
0000000010000000011111110111111110000000111011100000000000000000
0000000010000000011111110111111110000000111011100000000000000000
0000000010000000011111110111111110000000111011100000000000000000
0000000010000000011111110111111110000000111011100000000000000000
0000000010000000011111110111111110000000111011100000000000000000
0000000010000000011111110111111110000000111011100000000000000000
0000000010000000011111110111111110000000111011100000000000000000
0000000010000000011111110111111110000000111011100000000000000000
0000000010000000011111110111111110000000111011100000000000000000
0000000010000000011111110111111110000000111011100000000000000000
0000000010000000011111110111111110000000111011100000000000000000
0000000010000000011111110111111110000000111011100000000000000000
0000000010000000011111110111111110000000111011100000000000000000
0000000010000000011111110111111110000000111011100000000000000000
0000000010000000011111110111111110000000111011100000000000000000
0000000010000000011111110111111110000000111011100000000000000000
0000000010000000011111110111111110000000111011100000000000000000
0000000010000000011111110111111110000000111011100000000000000000
0000000010000000011111110111111110000000111011100000000000000000
0000000010000000011111110111111110000000111011100000000000000000
0000000010000000011111110111111110000000111011100000000000000000
0000000010000000011111110111111110000000111011100000000000000000
0000000010000000011111110111111110000000111011100000000000000000
0000000010000000011111110111111110000000111011100000000000000000
0000000010000000011111110111111110000000111011100000000000000000
0000000010000000011111110111111110000000111011100000000000000000
0000000010000000011111110111111110000000111011100000000000000000
0000000010000000011111110111111110000000111011100000000000000000
0000000010000000011111110111111110000000111011100000000000000000
0000000010000000011111110111111110000000111011100000000000000000
0000000010000000011111110111111110000000111011100000000000000000
0000000010000000011111110111111110000000111011100000000000000000
0000000010000000011111110111111110000000111011100000000000000000
0000000010000000011111110111111110000000111011100000000000000000
0000000010000000011111110111111110000000111011100000000000000000
0000000010000000011111110111111110000000111011100000000000000000
0000000010000000011111110111111110000000111011100000000000000000
0000000010000000011111110111111110000000111011100000000000000000
0000000010000000011111110111111110000000111011100000000000000000
0000000010000000011111110111111110000000111011100000000000000000
0000000010000000011111110111111110000000111011100000000000000000
0000000010000000011111110111111110000000111011100000000000000000
0000000010000000011111110111111110000000111011100000000000000000
0000000010000000011111110111111110000000111011100000000000000000
0000000010000000011111110111111110000000111011100000000000000000
0000000010000000011111110111111110000000111011100000000000000000
0000000010000000011111110111111110000000111011100000000000000000
0000000010000000011111110111111110000000111011100000000000000000
0000000010000000011111110111111110000000111011100000000000000000
0000000010000000011111110111111110000000111011100000000000000000
0000000010000000011111110111111110000000111011100000000000000000
0000000010000000011111110111111110000000111011100000000000000000
0000000010000000011111110111111110000000111011100000000000000000
0000000010000000011111110111111110000000111011100000000000000000
0000000010000000011111110111111110000000111011100000000000000000
0000000010000000011111110111111110000000111011100000000000000000
0000000010000000011111110111111110000000111011100000000000000000
0000000010000000011111110111111110000000111011100000000000000000
0000000010000000011111110111111110000000111011100000000000000000
0000000010000000011111110111111110000000111011100000000000000000
0000000010000000011111110111111110000000111011100000000000000000
0000000010000000011111110111111110000000111011100000000000000000
0000000010000000011111110111111110000000111011100000000000000000
0000000010000000011111110111111110000000111011100000000000000000
0000000010000000011111110111111110000000111011100000000000000000
0000000010000000011111110111111110000000111011100000000000000000
0000000010000000011111110111111110000000111011100000000000000000
0000000010000000011111110111111110000000111011100000000000000000
0000000010000000011111110111111110000000111011100000000000000000
0000000010000000011111110111111110000000111011100000000000000000
0000000010000000011111110111111110000000111011100000000000000000
0000000010000000011111110111111110000000111011100000000000000000
0000000010000000011111110111111110000000111011100000000000000000
0000000010000000011111110111111110000000111011100000000000000000
0000000010000000011111110111111110000000111011100000000000000000
0000000010000000011111110111111110000000111011100000000000000000
0000000010000000011111110111111110000000111011100000000000000000
0000000010000000011111110111111110000000111011100000000000000000
0000000010000000011111110111111110000000111011100000000000000000
0000000010000000011111110111111110000000111011100000000000000000
0000000010000000011111110111111110000000111011100000000000000000
0000000010000000011111110111111110000000111011100000000000000000
0000000010000000011111110111111110000000111011100000000000000000
0000000010000000011111110111111110000000111011100000000000000000
0000000010000000011111110111111110000000111011100000000000000000
0000000010000000011111110111111110000000111011100000000000000000
0000000010000000011111110111111110000000111011100000000000000000
0000000010000000011111110111111110000000111011100000000000000000
0000000010000000011111110111111110000000111011100000000000000000
0000000010000000011111110111111110000000111011100000000000000000
0000000010000000011111110111111110000000111011100000000000000000
0000000010000000011111110111111110000000111011100000000000000000
0000000010000000011111110111111110000000111011100000000000000000
0000000010000000011111110111111110000000111011100000000000000000
0000000010000000011111110111111110000000111011100000000000000000
0000000010000000011111110111111110000000111011100000000000000000
0000000010000000011111110111111110000000111011100000000000000000
0000000010000000011111110111111110000000111011100000000000000000
0000000010000000011111110111111110000000111011100000000000000000
0000000010000000011111110111111110000000111011100000000000000000
0000000010000000011111110111111110000000111011100000000000000000
0000000010000000011111110111111110000000111011100000000000000000
0000000010000000011111110111111110000000111011100000000000000000
0000000010000000011111110111111110000000111011100000000000000000
0000000010000000011111110111111110000000111011100000000000000000
0000000010000000011111110111111110000000111011100000000000000000
0000000010000000011111110111111110000000111011100000000000000000
0000000010000000011111110111111110000000111011100000000000000000
0000000010000000011111110111111110000000111011100000000000000000
0000000010000000011111110111111110000000111011100000000000000000
0000000010000000011111110111111110000000111011100000000000000000
0000000010000000011111110111111110000000111011100000000000000000
0000000010000000011111110111111110000000111011100000000000000000
0000000010000000011111110111111110000000111011100000000000000000
0000000010000000011111110111111110000000111011100000000000000000
0000000010000000011111110111111110000000111011100000000000000000
0000000010000000011111110111111110000000111011100000000000000000
0000000010000000011111110111111110000000111011100000000000000000
0000000010000000011111110111111110000000111011100000000000000000
0000000010000000011111110111111110000000111011100000000000000000
0000000010000000011111110111111110000000111011100000000000000000
0000000010000000011111110111111110000000111011100000000000000000
0000000010000000011111110111111110000000111011100000000000000000
0000000010000000011