000000000
0000000010000000100000000111111101111111011111110000000000000000
00000000100000000000000010000000100000000111111101111111011111110000000000000000
0000000010000000100000000111111101111111011111110000000000000000
0000000010000000100000000111111101111111011111110000000000000000
0000000010000000100000000111111101111111011111110000000000000000
0000000010000000100000000111111101111111011111110000000000000000
0000000010000000100000000111111101111111011111110000000000000000
0000000010000000100000000111111101111111011111110000000000000000
0000000010000000100000000111111101111111011111110000000000000000
0000000010000000100000000111111101111111011111110000000000000000
0000000010000000100000000111111101111111011111110000000000000000
0000000010000000100000000111111101111111011111110000000000000000
0000000010000000100000000111111101111111011111110000000000000000
0000000010000000100000000111111101111111011111110000000000000000
0000000010000000100000000111111101111111011111110000000000000000
0000000010000000100000000111111101111111011111110000000000000000
0000000010000000100000000111111101111111011111110000000000000000
0000000010000000100000000111111101111111011111110000000000000000
0000000010000000100000000111111101111111011111110000000000000000
0000000010000000100000000111111101111111011111110000000000000000
0000000010000000100000000111111101111111011111110000000000000000
0000000010000000100000000111111101111111011111110000000000000000
0000000010000000100000000111111101111111011111110000000000000000
0000000010000000100000000111111101111111011111110000000000000000
0000000010000000100000000111111101111111011111110000000000000000
0000000010000000100000000111111101111111011111110000000000000000
0000000010000000100000000111111101111111011111110000000000000000
0000000010000000100000000111111101111111011111110000000000000000
0000000010000000100000000111111101111111011111110000000000000000
0000000010000000100000000111111101111111011111110000000000000000
0000000010000000100000000111111101111111011111110000000000000000
0000000010000000100000000111111101111111011111110000000000000000
0000000010000000100000000111111101111111011111110000000000000000
0000000010000000100000000111111101111111011111110000000000000000
0000000010000000100000000111111101111111011111110000000000000000
0000000010000000100000000111111101111111011111110000000000000000
0000000010000000100000000111111101111111011111110000000000000000
0000000010000000100000000111111101111111011111110000000000000000
0000000010000000100000000111111101111111011111110000000000000000
0000000010000000100000000111111101111111011111110000000000000000
0000000010000000100000000111111101111111011111110000000000000000
0000000010000000100000000111111101111111011111110000000000000000
0000000010000000100000000111111101111111011111110000000000000000
0000000010000000100000000111111101111111011111110000000000000000
0000000010000000100000000111111101111111011111110000000000000000
0000000010000000100000000111111101111111011111110000000000000000
0000000010000000100000000111111101111111011111110000000000000000
0000000010000000100000000111111101111111011111110000000000000000
0000000010000000100000000111111101111111011111110000000000000000
0000000010000000100000000111111101111111011111110000000000000000
0000000010000000100000000111111101111111011111110000000000000000
0000000010000000100000000111111101111111011111110000000000000000
0000000010000000100000000111111101111111011111110000000000000000
0000000010000000100000000111111101111111011111110000000000000000
0000000010000000100000000111111101111111011111110000000000000000
0000000010000000100000000111111101111111011111110000000000000000
0000000010000000100000000111111101111111011111110000000000000000
0000000010000000100000000111111101111111011111110000000000000000
0000000010000000100000000111111101111111011111110000000000000000
0000000010000000100000000111111101111111011111110000000000000000
0000000010000000100000000111111101111111011111110000000000000000
0000000010000000100000000111111101111111011111110000000000000000
0000000010000000100000000111111101111111011111110000000000000000
0000000010000000100000000111111101111111011111110000000000000000
0000000010000000100000000111111101111111011111110000000000000000
0000000010000000100000000111111101111111011111110000000000000000
0000000010000000100000000111111101111111011111110000000000000000
0000000010000000100000000111111101111111011111110000000000000000
0000000010000000100000000111111101111111011111110000000000000000
0000000010000000100000000111111101111111011111110000000000000000
0000000010000000100000000111111101111111011111110000000000000000
0000000010000000100000000111111101111111011111110000000000000000
0000000010000000100000000111111101111111011111110000000000000000
0000000010000000100000000111111101111111011111110000000000000000
0000000010000000100000000111111101111111011111110000000000000000
0000000010000000100000000111111101111111011111110000000000000000
0000000010000000100000000111111101111111011111110000000000000000
0000000010000000100000000111111101111111011111110000000000000000
0000000010000000100000000111111101111111011111110000000000000000
0000000010000000100000000111111101111111011111110000000000000000
0000000010000000100000000111111101111111011111110000000000000000
0000000010000000100000000111111101111111011111110000000000000000
0000000010000000100000000111111101111111011111110000000000000000
0000000010000000100000000111111101111111011111110000000000000000
0000000010000000100000000111111101111111011111110000000000000000
0000000010000000100000000111111101111111011111110000000000000000
0000000010000000100000000111111101111111011111110000000000000000
0000000010000000100000000111111101111111011111110000000000000000
0000000010000000100000000111111101111111011111110000000000000000
0000000010000000100000000111111101111111011111110000000000000000
0000000010000000100000000111111101111111011111110000000000000000
0000000010000000100000000111111101111111011111110000000000000000
0000000010000000100000000111111101111111011111110000000000000000
0000000010000000100000000111111101111111011111110000000000000000
0000000010000000100000000111111101111111011111110000000000000000
0000000010000000100000000111111101111111011111110000000000000000
0000000010000000100000000111111101111111011111110000000000000000
0000000010000000100000000111111101111111011111110000000000000000
0000000010000000100000000111111101111111011111110000000000000000
0000000010000000100000000111111101111111011111110000000000000000
0000000010000000100000000111111101111111011111110000000000000000
0000000010000000100000000111111101111111011111110000000000000000
0000000010000000100000000111111101111111011111110000000000000000
0000000010000000100000000111111101111111011111110000000000000000
0000000010000000100000000111111101111111011111110000000000000000
0000000010000000100000000111111101111111011111110000000000000000
0000000010000000100000000111111101111111011111110000000000000000
0000000010000000100000000111111101111111011111110000000000000000
0000000010000000100000000111111101111111011111110000000000000000
0000000010000000100000000111111101111111011111110000000000000000
0000000010000000100000000111111101111111011111110000000000000000
0000000010000000100000000111111101111111011111110000000000000000
0000000010000000100000000111111101111111011111110000000000000000
0000000010000000100000000111111101111111011111110000000000000000
0000000010000000100000000111111101111111011111110000000000000000
0000000010000000100000000111111101111111011111110000000000000000
0000000010000000100000000111111101111111011111110000000000000000
0000000010000000100000000111111101111111011111110000000000000000
0000000010000000100000000111111101111111011111110000000000000000
0000000010000000100000000111111101111111011111110000000000000000
0000000010000000100000000111111101111111011111110000000000000000
0000000010000000100000000111111101111111011111110000000000000000
0000000010000000100000000111111101111111011111110000000000000000
0000000010000000100000000111111101111111011111110000000000000000
0000000010000000100000000111111101111111011111110000000000000000
0000000010000000100000000111111101111111011111110000000000000000
0000000010000000100000000111111101111111011111110000000000000000
0000000010000000100000000111111101111111011111110000000000000000
0000000010000000100000000111111101111111011111110000000000000000
0000000010000000100000000111111101111111011111110000000000000000
0000000010000000100000000111111101111111011111110000000000000000
0000000010000000100000000111111101111111011111110000000000000000
0000000010000000100000000111111101111111011111110000000000000000
0000000010000000100000000111111101111111011111110000000000000000
0000000010000000100000000111111101111111011111110000000000000000
0000000010000000100000000111111101111111011111110000000000000000
0000000010000000100000000111111101111111011111110000000000000000
0000000010000000100000000111111101111111011111110000000000000000
0000000010000000100000000111111101111111011111110000000000000000
0000000010000000100000000111111101111111011111110000000000000000
0000000010000000100000000111111101111111011111110000000000000000
0000000010000000100000000111111101111111011111110000000000000000
0000000010000000100000000111111101111111011111110000000000000000
0000000010000000100000000111111101111111011111110000000000000000
0000000010000000100000000111111101111111011111110000000000000000
0000000010000000100000000111111101111111011111110000000000000000
0000000010000000100000000111111101111111011111110000000000000000
0000000010000000100000000111111101111111011111110000000000000000
0000000010000000100000000111111101111111011111110000000000000000
0000000010000000100000000111111101111111011111110000000000000000
0000000010000000100000000111111101111111011111110000000000000000
0000000010000000100000000111111101111111011111110000000000000000
0000000010000000100000000111111101111111011111110000000000000000
0000000010000000100000000111111101111111011111110000000000000000
0000000010000000100000000111111101111111011111110000000000000000
0000000010000000100000000111111101111111011111110000000000000000
0000000010000000100000000111111101111111011111110000000000000000
0000000010000000100000000111111101111111011111110000000000000000
0000000010000000100000000111111101111111011111110000000000000000
0000000010000000100000000111111101111111011111110000000000000000
0000000010000000100000000111111101111111011111110000000000000000
0000000010000000100000000111111101111111011111110000000000000000
0000000010000000100000000111111101111111011111110000000000000000
0000000010000000100000000111111101111111011111110000000000000000
0000000010000000100000000111111101111111011111110000000000000000
0000000010000000100000000111111101111111011111110000000000000000
0000000010000000100000000111111101111111011111110000000000000000
0000000010000000100000000111111101111111011111110000000000000000
0000000010000000100000000111111101111111011111110000000000000000
0000000010000000100000000111111101111111011111110000000000000000
0000000010000000100000000111111101111111011111110000000000000000
0000000010000000100000000111111101111111011111110000000000000000
0000000010000000100000000111111101111111011111110000000000000000
0000000010000000100000000111111101111111011111110000000000000000
0000000010000000100000000111111101111111011111110000000000000000
0000000010000000100000000111111101111111011111110000000000000000
0000000010000000100000000111111101111111011111110000000000000000
0000000010000000100000000111111101111111011111110000000000000000
0000000010000000100000000111111101111111011111110000000000000000
0000000010000000100000000111111101111111011111110000000000000000
0000000010000000100000000111111101111111011111110000000000000000
0000000010000000100000000111111101111111011111110000000000000000
0000000010000000100000000111111101111111011111110000000000000000
0000000010000000100000000111111101111111011111110000000000000000
0000000010000000100000000111111101111111011111110000000000000000
0000000010000000100000000111111101111111011111110000000000000000
0000000010000000100000001001101001111111011111110000000000000000
0000000010000000100000001011100101111111011111110000000000000000
0000000010000000100000001110101101111111011111110000000000000000
0000000010000000100000001110111001111111011111110000000000000000
0000000010000000100000001110111001111111011111110000000000000000
0000000010000000100000001110111001111111011111110000000000000000
0000000010000000011101011110111001111111011111110000000000000000
0000000010000000011100111110111001111111011111110000000000000000
0000000010000000011100111110111001111111011111110000000000000000
0000000010000000011100111110111001111111011111110000000000000000
0000000010000000011100111110111001111111011111110000000000000000
0000000010000000011100111110111001111111011111110000000000000000
0000000010000000011100111110111001111111011111110000000000000000
0000000010000000011100111110111001111111011111110000000000000000
0000000010000000011100111110111001111111011111110000000000000000
0000000010000000011100111110111001111111011111110000000000000000
0000000010000000011100111110111001111111011111110000000000000000
0000000010000000011100111110111001111111011111110000000000000000
0000000010000000011101001110111001111111011111110000000000000000
0000000010000000011101011110111001111111011111110000000000000000
0000000010000000011101111110111001111111011111110000000000000000
0000000010000000011110101110111001111111011111110000000000000000
0000000010000000011111101110111001111111011111110000000000000000
0000000010000000011111101110111001111111011111110000000000000000
0000000010000000011111101110111001111111011111110000000000000000
0000000010000000011111111110111001111111011111110000000000000000
0000000010000000011111111110111001111111011111110000000000000000
0000000010000000011111111110111001111111011111110000000000000000
0000000010000000011111111110111001111111011111110000000000000000
0000000010000000011111111110111001111111011111110000000000000000
0000000010000000011111111110111001111111011111110000000000000000
0000000010000000011111111110111001111111011111110000000000000000
0000000010000000011111111110111001111111011111110000000000000000
0000000010000000011111111110111001111111011111110000000000000000
0000000010000000011111111110111001111111011111110000000000000000
0000000010000000011111111110111001111111011111110000000000000000
0000000010000000011111111110111001111111011111110000000000000000
0000000010000000011111111110111001111111011111110000000000000000
0000000010000000011111111110111001111111011111110000000000000000
0000000010000000011111111110111001111111011111110000000000000000
0000000010000000011111111110111001111111011111110000000000000000
0000000010000000011111111110111001111111011111110000000000000000
0000000010000000011111111110111001111111011111110000000000000000
0000000010000000011111111110111001111111011111110000000000000000
0000000010000000011111111110111001111111011111110000000000000000
0000000010000000011111111110111001111111011111110000000000000000
0000000010000000011111111110111001111111011111110000000000000000
0000000010000000011111111110111001111111011111110000000000000000
0000000010000000011111111110111001111111011111110000000000000000
0000000010000000011111111110111001111111011111110000000000000000
0000000010000000011111111110111001111111011111110000000000000000
0000000010000000011111111110111001111111011111110000000000000000
0000000010000000011111111110111001111111011111110000000000000000
0000000010000000011111111110111001111111011111110000000000000000
0000000010000000011111111110111001111111011111110000000000000000
0000000010000000011111111110111001111111011111110000000000000000
0000000010000000011111111110111001111111011111110000000000000000
0000000010000000011111111110111001111111011111110000000000000000
0000000010000000011111111110111001111111011111110000000000000000
0000000010000000011111111110111001111111011111110000000000000000
0000000010000000011111111110111001111111011111110000000000000000
0000000010000000011111111110111001111111011111110000000000000000
0000000010000000011111111110111001111111011111110000000000000000
0000000010000000011111111110111001111111011111110000000000000000
0000000010000000011111111110111001111111011111110000000000000000
0000000010000000011111111110111001111111011111110000000000000000
0000000010000000011111111110111001111111011111110000000000000000
0000000010000000011111111110111001111111011111110000000000000000
0000000010000000011111111110111001111111011111110000000000000000
0000000010000000011111111110111001111111011111110000000000000000
0000000010000000011111111110111001111111011111110000000000000000
0000000010000000011111111110111001111111011111110000000000000000
0000000010000000011111111110111001111111011111110000000000000000
0000000010000000011111111110111001111111011111110000000000000000
0000000010000000011111111110111001111111011111110000000000000000
0000000010000000011111111110111001111111011111110000000000000000
0000000010000000011111111110111001111111011111110000000000000000
0000000010000000011111111110111001111111011111110000000000000000
0000000010000000011111111110111001111111011111110000000000000000
0000000010000000011111111110111001111111011111110000000000000000
0000000010000000011111111110111001111111011111110000000000000000
0000000010000000011111111110111001111111011111110000000000000000
0000000010000000011111111110111001111111011111110000000000000000
0000000010000000011111111110111001111111011111110000000000000000
0000000010000000011111111110111001111111011111110000000000000000
0000000010000000011111111110111001111111011111110000000000000000
0000000010000000011111111110111001111111011111110000000000000000
0000000010000000011111111110111001111111011111110000000000000000
0000000010000000011111111110111001111111011111110000000000000000
0000000010000000011111111110111001111111011111110000000000000000
0000000010000000011111111110111001111111011111110000000000000000
0000000010000000011111111110111001111111011111110000000000000000
0000000010000000011111111110111001111111011111110000000000000000
0000000010000000011111111110111001111111011111110000000000000000
0000000010000000011111111110111001111111011111110000000000000000
0000000010000000011111111110111001111111011111110000000000000000
0000000010000000011111111110111001111111011111110000000000000000
0000000010000000011111111110111001111111011111110000000000000000
0000000010000000011111111110111001111111011111110000000000000000
0000000010000000011111111110111001111111011111110000000000000000
0000000010000000011111111110111001111111011111110000000000000000
0000000010000000011111111110111001111111011111110000000000000000
0000000010000000011111111110111001111111011111110000000000000000
0000000010000000011111111110111001111111011111110000000000000000
0000000010000000011111111110111001111111011111110000000000000000
0000000010000000011111111110111001111111011111110000000000000000
0000000010000000011111111110111001111111011111110000000000000000
0000000010000000011111111110111001111111011111110000000000000000
0000000010000000011111111110111001111111011111110000000000000000
0000000010000000011111111110111001111111011111110000000000000000
0000000010000000011111111110111001111111011111110000000000000000
0000000010000000011111111110111001111111011111110000000000000000
0000000010000000011111111110111001111111011111110000000000000000
0000000010000000011111111110111001111111011111110000000000000000
0000000010000000011111111110111001111111011111110000000000000000
0000000010000000011111111110111001111111011111110000000000000000
0000000010000000011111111110111001111111011111110000000000000000
0000000010000000011111111110111001111111011111110000000000000000
0000000010000000011111111110111001111111011111110000000000000000
0000000010000000011111111110111001111111011111110000000000000000
0000000010000000011111111110111001111111011111110000000000000000
0000000010000000011111111110111001111111011111110000000000000000
0000000010000000011111111110111001111111011111110000000000000000
0000000010000000011111111110111001111111011111110000000000000000
0000000010000000011111111110111001111111011111110000000000000000
0000000010000000011111111110111001111111011111110000000000000000
0000000010000000011111111110111001111111011111110000000000000000
0000000010000000011111111110111001111111011111110000000000000000
0000000010000000011111111110111001111111011111110000000000000000
0000000010000000011111111110111001111111011111110000000000000000
0000000010000000011111111110111001111111011111110000000000000000
0000000010000000011111111110111001111111011111110000000000000000
0000000010000000011111111110111001111111011111110000000000000000
0000000010000000011111111110111001111111011111110000000000000000
0000000010000000011111111110111001111111011111110000000000000000
0000000010000000011111111110111001111111011111110000000000000000
0000000010000000011111111110111001111111011111110000000000000000
0000000010000000011111111110111001111111011111110000000000000000
0000000010000000011111111110111001111111011111110000000000000000
0000000010000000011111111110111001111111011111110000000000000000
0000000010000000011111111110111001111111011111110000000000000000
0000000010000000011111111110111001111111011111110000000000000000
0000000010000000011111111110111001111111011111110000000000000000
0000000010000000011111111110111001111111011111110000000000000000
0000000010000000011111111110111001111111011111110000000000000000
0000000010000000011111111110111001111111011111110000000000000000
0000000010000000011111111110111001111111011111110000000000000000
0000000010000000011111111110111001111111011111110000000000000000
0000000010000000011111111110111001111111011111110000000000000000
0000000010000000011111111110111001111111011111110000000000000000
0000000010000000011111111110111001111111011111110000000000000000
0000000010000000011111111110111001111111011111110000000000000000
0000000010000000011111111110111001111111011111110000000000000000
0000000010000000011111111110111001111111011111110000000000000000
0000000010000000011111111110111001111111011111110000000000000000
0000000010000000011111111110111001111111011111110000000000000000
0000000010000000011111111110111001111111011111110000000000000000
0000000010000000011111111110111001111111011111110000000000000000
0000000010000000011111111110111001111111011111110000000000000000
0000000010000000011111111110111001111111011111110000000000000000
0000000010000000011111111110111001111111011111110000000000000000
0000000010000000011111111110111001111111011111110000000000000000
0000000010000000011111111110111001111111011111110000000000000000
0000000010000000011111111110111001111111011111110000000000000000
0000000010000000011111111110111001111111011111110000000000000000
0000000010000000011111111110111001111111011111110000000000000000
0000000010000000011111111110111001111111011111110000000000000000
0000000010000000011111111110111001111111011111110000000000000000
0000000010000000011111111110111001111111011111110000000000000000
0000000010000000011111111110111001111111011111110000000000000000
0000000010000000011111111110111001111111011111110000000000000000
0000000010000000011111111110111001111111011111110000000000000000
0000000010000000011111111110111001111111011111110000000000000000
0000000010000000011111111110111001111111011111110000000000000000
0000000010000000011111111110111001111111011111110000000000000000
0000000010000000011111111110111001111111011111110000000000000000
0000000010000000011111111110111001111111011111110000000000000000
0000000010000000011111111110111001111111011111110000000000000000
0000000010000000011111111110111001111111011111110000000000000000
0000000010000000011111111110111001111111011111110000000000000000
0000000010000000011111111110111001111111011111110000000000000000
0000000010000000011111111110111001111111011111110000000000000000
0000000010000000011111111110111001111111011111110000000000000000
00000000100000000111111111101110011111110111111100000