11110000000000000000 
0000000010000000011111110111111101111111011111110000000000000000 
000000000010000000011111110111111101111111011111110000000000000000 
0000000010000000011111110111111101111111011111110000000000000000 
0000000010000000011111110111111101111111011111110000000000000000 
0000000010000000011111110111111101111111011111110000000000000000 
0000000010000000011111110111111101111111011111110000000000000000 
0000000010000000011111110111111101111111011111110000000000000000 
0000000010000000011111110111111101111111011111110000000000000000 
0000000010000000011111110111111101111111011111110000000000000000 
0000000010000000011111110111111101111111011111110000000000000000 
0000000010000000011111110111111101111111011111110000000000000000 
0000000010000000011111110111111101111111011111110000000000000000 
0000000010000000011111110111111101111111011111110000000000000000 
0000000010000000011111110111111101111111011111110000000000000000 
0000000010000000011111110111111101111111011111110000000000000000 
0000000010000000011111110111111101111111011111110000000000000000 
0000000010000000011111110111111101111111011111110000000000000000 
0000000010000000011111110111111101111111011111110000000000000000 
0000000010000000011111110111111101111111011111110000000000000000 
0000000010000000011111110111111101111111011111110000000000000000 
0000000010000000011111110111111101111111011111110000000000000000 
0000000010000000011111110111111101111111011111110000000000000000 
0000000010000000011111110111111101111111011111110000000000000000 
0000000010000000011111110111111101111111011111110000000000000000 
0000000010000000011111110111111101111111011111110000000000000000 
0000000010000000011111110111111101111111011111110000000000000000 
0000000010000000011111110111111101111111011111110000000000000000 
0000000010000000011111110111111101111111011111110000000000000000 
0000000010000000011111110111111101111111011111110000000000000000 
0000000010000000011111110111111101111111011111110000000000000000 
0000000010000000011111110111111101111111011111110000000000000000 
0000000010000000011111110111111101111111011111110000000000000000 
0000000010000000011111110111111101111111011111110000000000000000 
0000000010000000011111110111111101111111011111110000000000000000 
0000000010000000011111110111111101111111011111110000000000000000 
0000000010000000011111110111111101111111011111110000000000000000 
0000000010000000011111110111111101111111011111110000000000000000 
0000000010000000011111110111111101111111011111110000000000000000 
0000000010000000011111110111111101111111011111110000000000000000 
0000000010000000011111110111111101111111011111110000000000000000 
0000000010000000011111110111111101111111011111110000000000000000 
0000000010000000011111110111111101111111011111110000000000000000 
0000000010000000011111110111111101111111011111110000000000000000 
0000000010000000011111110111111101111111011111110000000000000000 
0000000010000000011111110111111101111111011111110000000000000000 
0000000010000000011111110111111101111111011111110000000000000000 
0000000010000000011111110111111101111111011111110000000000000000 
0000000010000000011111110111111101111111011111110000000000000000 
0000000010000000011111110111111101111111011111110000000000000000 
0000000010000000011111110111111101111111011111110000000000000000 
0000000010000000011111110111111101111111011111110000000000000000 
0000000010000000011111110111111101111111011111110000000000000000 
0000000010000000011111110111111101111111011111110000000000000000 
0000000010000000011111110111111101111111011111110000000000000000 
0000000010000000011111110111111101111111011111110000000000000000 
0000000010000000011111110111111101111111011111110000000000000000 
0000000010000000011111110111111101111111011111110000000000000000 
0000000010000000011111110111111101111111011111110000000000000000 
0000000010000000011111110111111101111111011111110000000000000000 
0000000010000000011111110111111101111111011111110000000000000000 
0000000010000000011111110111111101111111011111110000000000000000 
0000000010000000011111110111111101111111011111110000000000000000 
0000000010000000011111110111111101111111011111110000000000000000 
0000000010000000011111110111111101111111011111110000000000000000 
0000000010000000011111110111111101111111011111110000000000000000 
10000011111110111111101111111011111110000000000000000 
0000000010000000011111110111111101111111011111110000000000000000 
00000010000000011111110111111101111111011111110000000000000000 
0000000010000000011111110111111101111111011111110000000000000000 
00000000100000000111110111111101111111011111110000000000000000 
0000000010000000011111110111111101111111011111110000000000000000 
0000000010000000011111110111111101111111011111110000000000000000 
0000000010000000011111110111111101111111011111110000000000000000 
0000000010000000011111110111111101111111011111110000000000000000 
0000000010000000011111110111111101111111011111110000000000000000 
0000000010000000011111110111111101111111011111110000000000000000 
0000000010000000011111110111111101111111011111110000000000000000 
0000000010000000011111110111111101111111011111110000000000000000 
0000000010000000011111110111111101111111011111110000000000000000 
0000000010000000011111110111111101111111011111110000000000000000 
0000000010000000011111110111111101111111011111110000000000000000 
0000000010000000011111110111111101111111011111110000000000000000 
0000000010000000011111110111111101111111011111110000000000000000 
0000000010000000011111110111111101111111011111110000000000000000 
0000000010000000011111110111111101111111011111110000000000000000 
0000000010000000011111110111111101111111011111110000000000000000 
0000000010000000011111110111111101111111011111110000000000000000 
0000000010000000011111110111111101111111011111110000000000000000 
0000000010000000011111110111111101111111011111110000000000000000 
0000000010000000011111110111111101111111011111110000000000000000 
0000000010000000011111110111111101111111011111110000000000000000 
0000000010000000011111110111111101111111011111110000000000000000 
0000000010000000011111110111111101111111011111110000000000000000 
0000000010000000011111110111111101111111011111110000000000000000 
0000000010000000011111110111111101111111011111110000000000000000 
0000000010000000011111110111111101111111011111110000000000000000 
0000000010000000011111110111111101111111011111110000000000000000 
0000000010000000011111110111111101111111011111110000000000000000 
0000000010000000011111110111111101111111011111110000000000000000 
0000000010000000011111110111111101111111011111110000000000000000 
0000000010000000011111110111111101111111011111110000000000000000 
0000000010000000011111110111111101111111011111110000000000000000 
0000000010000000011111110111111101111111011111110000000000000000 
0000000010000000011111110111111101111111011111110000000000000000 
0000000010000000011111110111111101111111011111110000000000000000 
0000000010000000011111110111111101111111011111110000000000000000 
0000000010000000011111110111111101111111011111110000000000000000 
0000000010000000011111110111111101111111011111110000000000000000 
0000000010000000011111110111111101111111011111110000000000000000 
0000000010000000011111110111111101111111011111110000000000000000 
0000000010000000011111110111111101111111011111110000000000000000 
0000000010000000011111110111111101111111011111110000000000000000 
0000000010000000011111110111111101111111011111110000000000000000 
0000000010000000011111110111111101111111011111110000000000000000 
0000000010000000011111110111111101111111011111110000000000000000 
0000000010000000011111110111111101111111011111110000000000000000 
0000000010000000011111110111111101111111011111110000000000000000 
0000000010000000011111110111111101111111011111110000000000000000 
0000000010000000011111110111111101111111011111110000000000000000 
0000000010000000011111110111111101111111011111110000000000000000 
0000000010000000011111110111111101111111011111110000000000000000 
0000000010000000011111110111111101111111011111110000000000000000 
0000000010000000011111110111111101111111011111110000000000000000 
0000000010000000011111110111111101111111011111110000000000000000 
0000000010000000011111110111111101111111011111110000000000000000 
0000000010000000011111110111111101111111011111110000000000000000 
0000000010000000011111110111111101111111011111110000000000000000 
0000000010000000011111110111111101111111011111110000000000000000 
0000000010000000011111110111111101111111011111110000000000000000 
0000000010000000011111110111111101111111011111110000000000000000 
0000000010000000011111110111111101111111011111110000000000000000 
0000000010000000011111110111111101111111011111110000000000000000 
0000000010000000011111110111111101111111011111110000000000000000 
0000000010000000011111110111111101111111011111110000000000000000 
0000000010000000011111110111111101111111011111110000000000000000 
0000000010000000011111110111111101111111011111110000000000000000 
0000000010000000011111110111111101111111011111110000000000000000 
0000000010000000011111110111111101111111011111110000000000000000 
0000000010000000011111110111111101111111011111110000000000000000 
0000000010000000011111110111111101111111011111110000000000000000 
0000000010000000011111110111111101111111011111110000000000000000 
0000000010000000011111110111111101111111011111110000000000000000 
0000000010000000011111110111111101111111011111110000000000000000 
0000000010000000011111110111111101111111011111110000000000000000 
0000000010000000011111110111111101111111011111110000000000000000 
0000000010000000011111110111111101111111011111110000000000000000 
0000000010000000011111110111111101111111011111110000000000000000 
0000000010000000011111110111111101111111011111110000000000000000 
0000000010000000011111110111111101111111011111110000000000000000 
0000000010000000011111110111111101111111011111110000000000000000 
0000000010000000011111110111111101111111011111110000000000000000 
0000000010000000011111110111111101111111011111110000000000000000 
0000000010000000011111110111111101111111011111110000000000000000 
0000000010000000011111110111111101111111011111110000000000000000 
0000000010000000011111110111111101111111011111110000000000000000 
0000000010000000011111110111111101111111011111110000000000000000 
0000000010000000011111110111111101111111011111110000000000000000 
0000000010000000011111110111111101111111011111110000000000000000 
0000000010000000011111110111111101111111011111110000000000000000 
0000000010000000011111110111111101111111011111110000000000000000 
0000000010000000011111110111111101111111011111110000000000000000 
0000000010000000011111110111111101111111011111110000000000000000 
0000000010000000011111110111111101111111011111110000000000000000 
0000000010000000011111110111111101111111011111110000000000000000 
0000000010000000011111110111111101111111011111110000000000000000 
0000000010000000011111110111111101111111011111110000000000000000 
0000000010000000011111110111111101111111011111110000000000000000 
0000000010000000011111110111111101111111011111110000000000000000 
0000000010000000011111110111111101111111011111110000000000000000 
0000000010000000011111110111111101111111011111110000000000000000 
0000000010000000011111110111111101111111011111110000000000000000 
0000000010000000011111110111111101111111011111110000000000000000 
0000000010000000011111110111111101111111011111110000000000000000 
0000000010000000011111110111111101111111011111110000000000000000 
0000000010000000011111110111111101111111011111110000000000000000 
0000000010000000011111110111111101111111011111110000000000000000 
0000000010000000011111110111111101111111011111110000000000000000 
0000000010000000011111110111111101111111011111110000000000000000 
0000000010000000011111110111111101111111011111110000000000000000 
0000000010000000011111110111111101111111011111110000000000000000 
0000000010000000011111110111111101111111011111110000000000000000 
0000000010000000011111110111111101111111011111110000000000000000 
0000000010000000011111110111111101111111011111110000000000000000 
0000000010000000011111110111111101111111011111110000000000000000 
0000000010000000011111110111111101111111011111110000000000000000 
0000000010000000011111110111111101111111011111110000000000000000 
0000000010000000011111110111111101111111011111110000000000000000 
0000000010000000011111110111111101111111011111110000000000000000 
0000000010000000011111110111111101111111011111110000000000000000 
0000000010000000011111110111111101111111011111110000000000000000 
0000000010000000011111110111111101111111011111110000000000000000 
0000000010000000011111110111111101111111011111110000000000000000 
0000000010000000011111110111111101111111011111110000000000000000 
0000000010000000011111110111111101111111011111110000000000000000 
0000000010000000011111110111111101111111011111110000000000000000 
0000000010000000011111110111111101111111011111110000000000000000 
0000000010000000011111110111111101111111011111110000000000000000 
0000000010000000011111110111111101111111011111110000000000000000 
0000000010000000011111110111111101111111011111110000000000000000 
0000000010000000011111110111111101111111011111110000000000000000 
0000000010000000011111110111111101111111011111110000000000000000 
0000000010000000011111110111111101111111011111110000000000000000 
0000000010000000011111110111111101111111011111110000000000000000 
0000000010000000011111110111111101111111011111110000000000000000 
0000000010000000011111110111111101111111011111110000000000000000 
0000000010000000011111110111111101111111011111110000000000000000 
0000000010000000011111110111111101111111011111110000000000000000 
0000000010000000011111110111111101111111011111110000000000000000 
0000000010000000011111110111111101111111011111110000000000000000 
0000000010000000011111110111111101111111011111110000000000000000 
0000000010000000011111110111111101111111011111110000000000000000 
0000000010000000011111110111111101111111011111110000000000000000 
0000000010000000011111110111111101111111011111110000000000000000 
0000000010000000011111110111111101111111011111110000000000000000 
0000000010000000011111110111111101111111011111110000000000000000 
0000000010000000011111110111111101111111011111110000000000000000 
0000000010000000011111110111111101111111011111110000000000000000 
0000000010000000011111110111111101111111011111110000000000000000 
0000000010000000011111110111111101111111011111110000000000000000 
0000000010000000011111110111111101111111011111110000000000000000 
0000000010000000011111110111111101111111011111110000000000000000 
0000000010000000011111110111111101111111011111110000000000000000 
0000000010000000011111110111111101111111011111110000000000000000 
0000000010000000011111110111111101111111011111110000000000000000 
0000000010000000011111110111111101111111011111110000000000000000 
0000000010000000011111110111111101111111011111110000000000000000 
0000000010000000011111110111111101111111011111110000000000000000 
0000000010000000011111110111111101111111011111110000000000000000 
0000000010000000011111110111111101111111011111110000000000000000 
0000000010000000011111110111111101111111011111110000000000000000 
0000000010000000011111110111111101111111011111110000000000000000 
0000000010000000011111110111111101111111011111110000000000000000 
0000000010000000011111110111111101111111011111110000000000000000 
0000000010000000011111110111111101111111011111110000000000000000 
0000000010000000011111110111111101111111011111110000000000000000 
0000000010000000011111110111111101111111011111110000000000000000 
0000000010000000011111110111111101111111011111110000000000000000 
0000000010000000011111110111111101111111011111110000000000000000 
0000000010000000011111110111111101111111011111110000000000000000 
0000000010000000011111110111111101111111011111110000000000000000 
0000000010000000011111110111111101111111011111110000000000000000 
0000000010000000011111110111111101111111011111110000000000000000 
0000000010000000011111110111111101111111011111110000000000000000 
0000000010000000011111110111111101111111011111110000000000000000 
0000000010000000011111110111111101111111011111110000000000000000 
0000000010000000011111110111111101111111011111110000000000000000 
0000000010000000011111110111111101111111011111110000000000000000 
0000000010000000011111110111111101111111011111110000000000000000 
0000000010000000011111110111111101111111011111110000000000000000 
0000000010000000011111110111111101111111011111110000000000000000 
0000000010000000011111110111111101111111011111110000000000000000 
0000000010000000011111110111111101111111011111110000000000000000 
0000000010000000011111110111111101111111011111110000000000000000 
0000000010000000011111110111111101111111011111110000000000000000 
0000000010000000011111110111111101111111011111110000000000000000 
0000000010000000011111110111111101111111011111110000000000000000 
0000000010000000011111110111111101111111011111110000000000000000 
0000000010000000011111110111111101111111011111110000000000000000 
0000000010000000011111110111111101111111011111110000000000000000 
0000000010000000011111110111111101111111011111110000000000000000 
0000000010000000011111110111111101111111011111110000000000000000 
0000000010000000011111110111111101111111011111110000000000000000 
0000000010000000011111110111111101111111011111110000000000000000 
0000000010000000011111110111111101111111011111110000000000000000 
0000000010000000011111110111111101111111011111110000000000000000 
0000000010000000011111110111111101111111011111110000000000000000 
0000000010000000011111110111111101111111011111110000000000000000 
0000000010000000011111110111111101111111011111110000000000000000 
0000000010000000011111110111111101111111011111110000000000000000 
0000000010000000011111110111111101111111011111110000000000000000 
0000000010000000011111110111111101111111011111110000000000000000 
0000000010000000011111110111111101111111011111110000000000000000 
0000000010000000011111110111111101111111011111110000000000000000 
0000000010000000011111110111111101111111011111110000000000000000 
0000000010000000011111110111111101111111011111110000000000000000 
0000000010000000011111110111111101111111011111110000000000000000 
0000000010000000011111110111111101111111011111110000000000000000 
0000000010000000011111110111111101111111011111110000000000000000 
0000000010000000011111110111111101111111011111110000000000000000 
0000000010000000011111110111111101111111011111110000000000000000 
0000000010000000011111110111111101111111011111110000000000000000 
0000000010000000011111110111111101111111011111110000000000000000 
0000000010000000011111110111111101111111011111110000000000000000 
0000000010000000011111110111111101111111011111110000000000000000 
0000000010000000011111110111111101111111011111110000000000000000 
0000000010000000011111110111111101111111011111110000000000000000 
0000000010000000011111110111111101111111011111110000000000000000 
0000000010000000011111110111111101111111011111110000000000000000 
0000000010000000011111110111111101111111011111110000000000000000 
0000000010000000011111110111111101111111011111110000000000000000 
0000000010000000011111110111111101111111011111110000000000000000 
0000000010000000011111110111111101111111011111110000000000000000 
0000000010000000011111110111111101111111011111110000000000000000 
0000000010000000011111110111111101111111011111110000000000000000 
0000000010000000011111110111111101111111011111110000000000000000 
0000000010000000011111110111111101111111011111110000000000000000 
0000000010000000011111110111111101111111011111110000000000000000 
0000000010000000011111110111111101111111011111110000000000000000 
0000000010000000011111110111111101111111011111110000000000000000 
0000000010000000011111110111111101111111011111110000000000000000 
0000000010000000011111110111111101111111011111110000000000000000 
0000000010000000011111110111111101111111011111110000000000000000 
0000000010000000011111110111111101111111011111110000000000000000 
0000000010000000011111110111111101111111011111110000000000000000 
0000000010000000011111110111111101111111011111110000000000000000 
0000000010000000011111110111111101111111011111110000000000000000 
0000000010000000011111110111111101111111011111110000000000000000 
0000000010000000011111110111111101111111011111110000000000000000 
0000000010000000011111110111111101111111011111110000000000000000 
0000000010000000011111110111111101111111011111110000000000000000 
0000000010000000011111110111111101111111011111110000000000000000 
0000000010000000011111110111111101111111011111110000000000000000 
0000000010000000011111110111111101111111011111110000000000000000 
0000000010000000011111110111111101111111011111110000000000000000 
0000000010000000011111110111111101111111011111110000000000000000 
0000000010000000011111110111111101111111011111110000000000000000 
0000000010000000011111110111111101111111011111110000000000000000 
0000000010000000011111110111111101111111011111110000000000000000 
0000000010000000011111110111111101111111011111110000000000000000 
0000000010000000011111110111111101111111011111110000000000000000 
0000000010000000011111110111111101111111011111110000000000000000 
0000000010000000011111110111111101111111011111110000000000000000 
0000000010000000011111110111111101111111011111110000000000000000 
0000000010000000011111110111111101111111011111110000000000000000 
0000000010000000011111110111111101111111011111110000000000000000 
0000000010000000011111110111111101111111011111110000000000000000 
0000000010000000011111110111111101111111011111110000000000000000 
0000000010000000011111110111111101111111011111110000000000000000 
0000000010000000011111110111111101111111011111110000000000000000 
0000000010000000011111110111111101111111011111110000000000000000 
0000000010000000011111110111111101111111011111110000000000000000 
0000000010000000011111110111111101111111011111110000000000000000 
0000000010000000011111110111111101111111011111110000000000000000 
0000000010000000011111110111111101111111011111110000000000000000 
0000000010000000011111110111111101111111011111110000000000000000 
0000000010000000011111110111111101111111011111110000000000000000 
0000000010000000011111110111111101111111011111110000000000000000 
0000000010000000011111110111111101111111011111110000000000000000 
0000000010000000011111110111111101111111011111110000000000000000 
0000000010000000011111110111111101111111011111110000000000000000 
0000000010000000011111110111111101111111011111110000000000000000 
0000000010000000011111110111111101111111011111110000000000000000 
0000000010000000011111110111111101111111011111110000000000000000 
0000000010000000011111110111111101111111011111110000000000000000 
0000000010000000011111110111111101111111011111110000000000000000 
0000000010000000011111110111111101111111011111110000000000000000 
0000000010000000011111110111111101111111011111110000000000000000 
0000000010000000011111110111111101111111011111110000000000000000 
0000000010000000011111110111111101111111011111110000000000000000 
0000000010000000011111100111111101111111011111110000000000000000 
0000000010000000011110010111111101111111011111110000000000000000 
0000000010000000011100100111111101111111011111110000000000000000 
0000000010000000011010110111111101111111011111110000000000000000 
0000000010000000011001110111111101111111011111110000000000000000 
0000000010000000011000100111111101111111011111110000000000000000 
0000000010000000010111100111111101111111011111110000000000000000 
0000000010000000010110010111111101111111011111110000000000000000 
0000000010000000010101010111111101111111011111110000000000000000 
0000000010000000010100010111111101111111011111110000000000000000 
0000000010000000010011010111111101111111011111110000000000000000 
0000000010000000010010010111111101111111011111110000000000000000 
0000000010000000010001010111111101111111011111110000000000000000 
0000000010000000010000100111111101111111011111110000000000000000 
0000000010000000001111110111111101111111011111110000000000000000 
0000000010000000001111100111111101111111011111110000000000000000 
0000000010000000001110110111111101111111011111110000000000000000 
0000000010000000001101110111111101111111011111110000000000000000 
0000000010000000001100100111111101111111011111110000000000000000 
0000000010000000001010110111111101111111011111110000000000000000 
0000000010000000001001000111111101111111011111110000000000000000 
0000000010000000000111110111111101111111011111110000000000000000 
0000000010000000000110110111111101111111011111110000000000000000 
0000000010000000000110000111111101111111011111110000000000000000 
0000000010000000000100110111111101111111011111110000000000000000 
0000000010000000000100000111111101111111011111110000000000000000 
0000000010000000000100000111111101111111011111110000000000000000 
0000000010000000000100000111111101111111011111110000000000000000 
0000000010000000000100000111111101111111011111110000000000000000 
0000000010000000000100000111111101111111011111110000000000000000 
0000000010000000000100000111111101111111011111110000000000000000 
0000000010000000000100000111111101111111011111110000000000000000 
0000000010000000000100000111111101111111011111110000000000000000 
0000000010000000000100000111111101111111011111110000000000000000 
0000000010000000000100000111111101111111011111110000000000000000 
0000000010000000000100000111111101111111011111110000000000000000 
0000000010000000000100000111111101111111011111110000000000000000 
0000000010000000000100000111111101111111011111110000000000000000 
0000000010000000000100000111111101111111011111110000000000000000 
0000000010000000000100000111111101111111011111110000000000000000 
0000000010000000000100000111111101111111011111110000000000000000 
0000000010000000000100000111111101111111011111110000000000000000 
0000000010000000000100000111111101111111011111110000000000000000 
0000000010000000000100000111111101111111011111110000000000000000 
0000000010000000000100000111111101111111011111110000000000000000 
0000000010000000000100000111111101111111011111110000000000000000 
0000000010000000000100000111111101111111011111110000000000000000 
0000000010000000000100000111111101111111011111110000000000000000 
0000000010000000000100000111111101111111011111110000000000000000 
0000000010000000000100000111111101111111011111110000000000000000 
0000000010000000000100000111111101111111011111110000000000000000 
0000000010000000000100000111111101111111011111110000000000000000 
0000000010000000000100000111111101111111011111110000000000000000 
0000000010000000000100000111111101111111011111110000000000000000 
0000000010000000000100000111111101111111011111110000000000000000 
0000000010000000000100000111111101111111011111110000000000000000 
0000000010000000000100000111111101111111011111110000000000000000 
0000000010000000000100000111111101111111011111110000000000000000 
0000000010000000000100000111111101111111011111110000000000000000 
0000000010000000000100000111111101111111011111110000000000000000 
0000000010000000000100000111111101111111011111110000000000000000 
0000000010000000000100000111111101111111011111110000000000000000 
0000000010000000000100000111111101111111011111110000000000000000 
0000000010000000000100000111111101111111011111110000000000000000 
0000000010000000000100000111111101111111011111110000000000000000 
0000000010000000000100000111111101111111011111110000000000000000 
0000000010000000000100000111111101111111011111110000000000000000 
0000000010000000000100000111111101111111011111110000000000000000 
0000000010000000000100000111111101111111011111110000000000000000 
0000000010000000000100000111111101111111011111110000000000000000 
0000000010000000000100000111111101111111011111110000000000000000 
0000000010000000000100000111111101111111011111110000000000000000 
0000000010000000000100000111111101111111011111110000000000000000 
0000000010000000000100000111111101111111011111110000000000000000 
0000000010000000000100000111111101111111011111110000000000000000 
0000000010000000000100000111111101111111011111110000000000000000 
0000000010000000000100000111111101111111011111110000000000000000 
0000000010000000000100000111111101111111011111110000000000000000 
0000000010000000000100000111111101111111011111110000000000000000 
0000000010000000000100000111111101111111011111110000000000000000 
0000000010000000000100000111111101111111011111110000000000000000 
0000000010000000000100000111111101111111011111110000000000000000 
0000000010000000000100000111111101111111011111110000000000000000 
0000000010000000000100000111111101111111011111110000000000000000 
0000000010000000000100000111111101111111011111110000000000000000 
0000000010000000000100000111111101111111011111110000000000000000 
0000000010000000000100000111111101111111011111110000000000000000 
0000000010000000000100000111111101111111011111110000000000000000 
0000000010000000000100000111111101111111011111110000000000000000 
0000000010000000000100000111111101111111011111110000000000000000 
0000000010000000000100000111111101111111011111110000000000000000 
0000000010000000000100000111111101111111011111110000000000000000 
0000000010000000000100000111111101111111011111110000000000000000 
0000000010000000000100000111111101111111011111110000000000000000 
0000000010000000000100000111111101111111011111110000000000000000 
0000000010000000000100000111111101111111011111110000000000000000 
0000000010000000000100000111111101111111011111110000000000000000 
0000000010000000000100000111111101111111011111110000000000000000 
0000000010000000000100000111111101111111011111110000000000000000 
0000000010000000000100000111111101111111011111110000000000000000 
0000000010000000000100000111111101111111011111110000000000000000 
0000000010000000000100000111111101111111011111110000000000000000 
0000000010000000000100000111111101111111011111110000000000000000 
0000000010000000000100000111111101111111011111110000000000000000 
0000000010000000000100000111111101111111011111110000000000000000 
0000000010000000000100000111111101111111011111110000000000000000 
0000000010000000000100000111111101111111011111110000000000000000 
0000000010000000000100000111111101111111011111110000000000000000 
0000000010000000000100000111111101111111011111110000000000000000 
0000000010000000000100000111111101111111011111110000000000000000 
0000000010000000000100000111111101111111011111110000000000000000 
0000000010000000000100000111111101111111011111110000000000000000 
0000000010000000000100000111111101111111011111110000000000000000 
0000000010000000000100000111111101111111011111110000000000000000 
0000000010000000000100000111111101111111011111110000000000000000 
0000000010000000000100000111111101111111011111110000000000000000 
0000000010000000000100000111111101111111011111110000000000000000 
0000000010000000000100000111111101111111011111110000000000000000 
0000000010000000000100000111111101111111011111110000000000000000 
0000000010000000000100000111111101111111011111110000000000000000 
0000000010000000000100000111111101111111011111110000000000000000 
0000000010000000000100000111111101111111011111110000000000000000 
0000000010000000000100000111111101111111011111110000000000000000 
0000000010000000000100000111111101111111011111110000000000000000 
0000000010000000000100000111111101111111011111110000000000000000 
0000000010000000000100000111111101111111011111110000000000000000 
0000000010000000000100000111111101111111011111110000000000000000 
0000000010000000000100000111111101111111011111110000000000000000 
0000000010000000000100000111111101111111011111110000000000000000 
0000000010000000000100000111111101111111011111110000000000000000 
0000000010000000000100000111111101111111011111110000000000000000 
0000000010000000000100000111111101111111011111110000000000000000 
0000000010000000000100000111111101111111011111110000000000000000 
0000000010000000000100000111111101111111011111110000000000000000 
0000000010000000000100000111111101111111011111110000000000000000 
0000000010000000000100000111111101111111011111110000000000000000 
0000000010000000000100000111111101111111011111110000000000000000 
0000000010000000000100000111111101111111011111110000000000000000 
0000000010000000000100000111111101111111011111110000000000000000 
0000000010000000000100100111111101111111011111110000000000000000 
0000000010000000000101000111111101111111011111110000000000000000 
0000000010000000000101010111111101111111011111110000000000000000 
0000000010000000000101100111111101111111011111110000000000000000 
0000000010000000000101110111111101111111011111110000000000000000 
0000000010000000000110000111111101111111011111110000000000000000 
0000000010000000000110010111111101111111011111110000000000000000 
0000000010000000000110100111111101111111011111110000000000000000 
0000000010000000000110100111111101111111011111110000000000000000 
0000000010000000000110110111111101111111011111110000000000000000 
0000000010000000000111000111111101111111011111110000000000000000 
0000000010000000000111000111111101111111011111110000000000000000 
0000000010000000000111010111111101111111011111110000000000000000 
0000000010000000000111010111111101111111011111110000000000000000 
0000000010000000000111010111111101111111011111110000000000000000 
0000000010000000000111100111111101111111011111110000000000000000 
0000000010000000001000010111111101111111011111110000000000000000 
0000000010000000001001100111111101111111011111110000000000000000 
0000000010000000001010100111111101111111011111110000000000000000 
0000000010000000001011010111111101111111011111110000000000000000 
0000000010000000001100010111111101111111011111110000000000000000 
0000000010000000001101010111111101111111011111110000000000000000 
0000000010000000001110010111111101111111011111110000000000000000 
0000000010000000001111000111111101111111011111110000000000000000 
0000000010000000010000010111111101111111011111110000000000000000 
0000000010000000010010010111111101111111011111110000000000000000 
0000000010000000010011110111111101111111011111110000000000000000 
0000000010000000010101110111111101111111011111110000000000000000 
0000000010000000010111110111111101111111011111110000000000000000 
0000000010000000011010000111111101111111011111110000000000000000 
0000000010000000011101000111111101111111011111110000000000000000 
0000000010000000011111010111111101111111011111110000000000000000 
0000000010000000011111110111111101111111011111110000000000000000 
0000000010000000011111110111111101111111011111110000000000000000 
0000000010000000011111110111111101111111011111110000000000000000 
0000000010000000011111110111111101111111011111110000000000000000 
0000000010000000011111110111111101111111011111110000000000000000 
0000000010000000011111110111111101111111011111110000000000000000 
0000000010000000011111110111111101111111011111110000000000000000 
0000000010000000011111110111111101111111011111110000000000000000 
0000000010000000011111110111111101111111011111110000000000000000 
0000000010000000011111110111111101111111011111110000000000000000 
0000000010000000011111110111111101111111011111110000000000000000 
0000000010000000011111110111111101111111011111110000000000000000 
0000000010000000011111110111111101111111011111110000000000000000 
0000000010000000011111110111111101111111011111110000000000000000 
0000000010000000011111110111111101111111011111110000000000000000 
0000000010000000011111110111111101111111011111110000000000000000 
0000000010000000011111110111111101111111011111110000000000000000 
0000000010000000011111110111111101111111011111110000000000000000 
0000000010000000011111110111111101111111011111110000000000000000 
0000000010000000011111110111111101111111011111110000000000000000 
0000000010000000011111110111111101111111011111110000000000000000 
0000000010000000011111110111111101111111011111110000000000000000 
0000000010000000011111110111111101111111011111110000000000000000 
0000000010000000011111110111111101111111011111110000000000000000 
0000000010000000011111110111111101111111011111110000000000000000 
0000000010000000011111110111111101111111011111110000000000000000 
0000000010000000011111110111111101111111011111110000000000000000 
0000000010000000011111110111111101111111011111110000000000000000 
0000000010000000011111110111111101111111011111110000000000000000 
0000000010000000011111110111111101111111011111110000000000000000 
0000000010000000011111110111111101111111011111110000000000000000 
0000000010000000011111110111111101111111011111110000000000000000 
0000000010000000011111110111111101111111011111110000000000000000 
0000000010000000011111110111111101111111011111110000000000000000 
0000000010000000011111110111111101111111011111110000000000000000 
0000000010000000011111110111111101111111011111110000000000000000 
0000000010000000011111110111111101111111011111110000000000000000 
0000000010000000011111110111111101111111011111110000000000000000 
0000000010000000011111110111111101111111011111110000000000000000 
0000000010000000011111110111111101111111011111110000000000000000 
0000000010000000011111110111111101111111011111110000000000000000 
0000000010000000011111110111111101111111011111110000000000000000 
0000000010000000011111110111111101111111011111110000000000000000 
0000000010000000011111110111111101111111011111110000000000000000 
0000000010000000011111110111111101111111011111110000000000000000 
0000000010000000011111110111111101111111011111110000000000000000 
0000000010000000011111110111111101111111011111110000000000000000 
0000000010000000011111110111111101111111011111110000000000000000 
0000000010000000011111110111111101111111011111110000000000000000 
0000000010000000011111110111111101111111011111110000000000000000 
0000000010000000011111110111111101111111011111110000000000000000 
0000000010000000011111110111111101111111011111110000000000000000 
0000000010000000011111110111111101111111011111110000000000000000 
0000000010000000011111110111111101111111011111110000000000000000 
0000000010000000011111110111111101111111011111110000000000000000 
0000000010000000011111110111111101111111011111110000000000000000 
0000000010000000011111110111111101111111011111110000000000000000 
0000000010000000011111110111111101111111011111110000000000000000 
0000000010000000011111110111111101111111011111110000000000000000 
0000000010000000011111110111111101111111011111110000000000000000 
0000000010000000011111110111111101111111011111110000000000000000 
0000000010000000011111110111111101111111011111110000000000000000 
0000000010000000011111110111111101111111011111110000000000000000 
0000000010000000011111110111111101111111011111110000000000000000 
0000000010000000011111110111111101111111011111110000000000000000 
0000000010000000011111110111111101111111011111110000000000000000 
0000000010000000011111110111111101111111011111110000000000000000 
0000000010000000011111110111111101111111011111110000000000000000 
0000000010000000011111110111111101111111011111110000000000000000 
0000000010000000011111110111111101111111011111110000000000000000 
0000000010000000011111110111111101111111011111110000000000000000 
0000000010000000011111110111111101111111011111110000000000000000 
0000000010000000011111110111111101111111011111110000000000000000 
0000000010000000011111110111111101111111011111110000000000000000 
0000000010000000011111110111111101111111011111110000000000000000 
0000000010000000011111110111111101111111011111110000000000000000 
0000000010000000011111110111111101111111011111110000000000000000 
0000000010000000011111110111111101111111011111110000000000000000 
0000000010000000011111110111111101111111011111110000000000000000 
0000000010000000011111110111111101111111011111110000000000000000 
0000000010000000011111110111111101111111011111110000000000000000 
0000000010000000011111110111111101111111011111110000000000000000 
0000000010000000011111110111111101111111011111110000000000000000 
0000000010000000011111110111111101111111011111110000000000000000 
0000000010000000011111110111111101111111011111110000000000000000 
0000000010000000011111110111111101111111011111110000000000000000 
0000000010000000011111110111111101111111011111110000000000000000 
0000000010000000011111110111111101111111011111110000000000000000 
0000000010000000011111110111111101111111011111110000000000000000 
0000000010000000011111110111111101111111011111110000000000000000 
0000000010000000011111110111111101111111011111110000000000000000 
0000000010000000011111110111111101111111011111110000000000000000 
0000000010000000011111110111111101111111011111110000000000000000 
0000000010000000011111110111111101111111011111110000000000000000 
0000000010000000011111110111111101111111011111110000000000000000 
0000000010000000011111110111111101111111011111110000000000000000 
0000000010000000011111110111111101111111011111110000000000000000 
0000000010000000011111110111111101111111011111110000000000000000 
0000000010000000011111110111111101111111011111110000000000000000 
0000000010000000011111110111111101111111011111110000000000000000 
0000000010000000011111110111111101111111011111110000000000000000 
0000000010000000011111110111111101111111011111110000000000000000 
0000000010000000011111110111111101111111011111110000000000000000 
0000000010000000011111110111111101111111011111110000000000000000 
0000000010000000011111110111111101111111011111110000000000000000 
0000000010000000011111110111111101111111011111110000000000000000 
0000000010000000011111110111111101111111011111110000000000000000 
0000000010000000011111110111111101111111011111110000000000000000 
0000000010000000011111110111111101111111011111110000000000000000 
0000000010000000011111110111111101111111011111110000000000000000 
0000000010000000011111110111111101111111011111110000000000000000 
0000000010000000011111110111111101111111011111110000000000000000 
0000000010000000011111110111111101111111011111110000000000000000 
0000000010000000011111110111111101111111011111110000000000000000 
0000000010000000011111110111111101111111011111110000000000000000 
0000000010000000011111110111111101111111011111110000000000000000 
0000000010000000011111110111111101111111011111110000000000000000 
0000000010000000011111110111111101111111011111110000000000000000 
0000000010000000011111110111111101111111011111110000000000000000 
0000000010000000011111110111111101111111011111110000000000000000 
0000000010000000011111110111111101111111011111110000000000000000 
0000000010000000011111110111111101111111011111110000000000000000 
0000000010000000011111110111111101111111011111110000000000000000 
0000000010000000011111110111111101111111011111110000000000000000 
0000000010000000011111110111111101111111011111110000000000000000 
0000000010000000011111110111111101111111011111110000000000000000 
0000000010000000011111110111111101111111011111110000000000000000 
0000000010000000011111110111111101111111011111110000000000000000 
0000000010000000011111110111111101111111011111110000000000000000 
0000000010000000011111110111111101111111011111110000000000000000 
0000000010000000011111110111111101111111011111110000000000000000 
0000000010000000011111110111111101111111011111110000000000000000 
0000000010000000011111110111111101111111011111110000000000000000 
0000000010000000011111110111111101111111011111110000000000000000 
0000000010000000011111110111111101111111011111110000000000000000 
0000000010000000011111110111111101111111011111110000000000000000 
0000000010000000011111110111111101111111011111110000000000000000 
0000000010000000011111110111111101111111011111110000000000000000 
0000000010000000011111110111111101111111011111110000000000000000 
0000000010000000011111110111111101111111011111110000000000000000 
0000000010000000011111110111111101111111011111110000000000000000 
0000000010000000011111110111111101111111011111110000000000000000 
0000000010000000011111110111111101111111011111110000000000000000 
0000000010000000011111110111111101111111011111110000000000000000 
0000000010000000011111110111111101111111011111110000000000000000 
0000000010000000011111110111111101111111011111110000000000000000 
0000000010000000011111110111111101111111011111110000000000000000 
0000000010000000011111110111111101111111011111110000000000000000 
0000000010000000011111110111111101111111011111110000000000000000 
0000000010000000011111110111111101111111011111110000000000000000 
0000000010000000011111110111111101111111011111110000000000000000 
0000000010000000011111110111111101111111011111110000000000000000 
0000000010000000011111110111111101111111011111110000000000000000 
0000000010000000011111110111111101111111011111110000000000000000 
0000000010000000011111110111111101111111011111110000000000000000 
0000000010000000011111110111111101111111011111110000000000000000 
0000000010000000011111110111111101111111011111110000000000000000 
0000000010000000011111110111111101111111011111110000000000000000 
0000000010000000011111110111111101111111011111110000000000000000 
0000000010000000011111110111111101111111011111110000000000000000 
0000000010000000011111110111111101111111011111110000000000000000 
0000000010000000011111110111111101111111011111110000000000000000 
0000000010000000011111110111111101111111011111110000000000000000 
0000000010000000011111110111111101111111011111110000000000000000 
0000000010000000011111110111111101111111011111110000000000000000 
0000000010000000011111110111111101111111011111110000000000000000 
0000000010000000011111110111111101111111011111110000000000000000 
0000000010000000011111110111111101111111011111110000000000000000 
0000000010000000011111110111111101111111011111110000000000000000 
0000000010000000011111110111111101111111011111110000000000000000 
0000000010000000011111110111111101111111011111110000000000000000 
0000000010000000011111110111111101111111011111110000000000000000 
0000000010000000011111110111111101111111011111110000000000000000 
0000000010000000011111110111111101111111011111110000000000000000 
0000000010000000011111110111111101111111011111110000000000000000 
0000000010000000011111110111111101111111011111110000000000000000 
0000000010000000011111110111111101111111011111110000000000000000 
0000000010000000011111110111111101111111011111110000000000000000 
0000000010000000011111110111111101111111011111110000000000000000 
0000000010000000011111110111111101111111011111110000000000000000 
0000000010000000011111110111111101111111011111110000000000000000 
0000000010000000011111110111111101111111011111110000000000000000 
0000000010000000011111110111111101111111011111110000000000000000 
0000000010000000011111110111111101111111011111110000000000000000 
0000000010000000011111110111111101111111011111110000000000000000 
0000000010000000011111110111111101111111011111110000000000000000 
0000000010000000011111110111111101111111011111110000000000000000 
0000000010000000011111110111111101111111011111110000000000000000 
0000000010000000011111110111111101111111011111110000000000000000 
0000000010000000011111110111111101111111011111110000000000000000 
0000000010000000011111110111111101111111011111110000000000000000 
0000000010000000011111110111111101111111011111110000000000000000 
0000000010000000011111110111111101111111011111110000000000000000 
0000000010000000011111110111111101111111011111110000000000000000 
0000000010000000011111110111111101111111011111110000000000000000 
0000000010000000011111110111111101111111011111110000000000000000 
0000000010000000011111110111111101111111011111110000000000000000 
0000000010000000011111110111111101111111011111110000000000000000 
0000000010000000011111110111111101111111011111110000000000000000 
0000000010000000011111110111111101111111011111110000000000000000 
0000000010000000011111110111111101111111011111110000000000000000 
0000000010000000011111110111111101111111011111110000000000000000 
0000000010000000011111110111111101111111011111110000000000000000 
0000000010000000011111110111111101111111011111110000000000000000 
0000000010000000011111110111111101111111011111110000000000000000 
0000000010000000011111110111111101111111011111110000000000000000 
0000000010000000011111110111111101111111011111110000000000000000 
0000000010000000011111110111111101111111011111110000000000000000 
0000000010000000011111110111111101111111011111110000000000000000 
0000000010000000011111110111111101111111011111110000000000000000 
0000000010000000011111110111111101111111011111110000000000000000 
0000000010000000011111110111111101111111011111110000000000000000 
0000000010000000011111110111111101111111011111110000000000000000 
0000000010000000011111110111111101111111011111110000000000000000 
00000000100000000111111101