1011111110111111101111111011111110000000000000000
00000010000000011111110111111101111111011111110000000000000000
0000000010000000011111110111111101111111011111110000000000000000
000000000010000000011111110111111101111111011111110000000000000000
0000000010000000011111110111111101111111011111110000000000000000
0000000010000000011111110111111101111111011111110000000000000000
0000000010000000011111110111111101111111011111110000000000000000
0000000010000000011111110111111101111111011111110000000000000000
0000000010000000011111110111111101111111011111110000000000000000
0000000010000000011111110111111101111111011111110000000000000000
0000000010000000011111110111111101111111011111110000000000000000
0000000010000000011111110111111101111111011111110000000000000000
0000000010000000011111110111111101111111011111110000000000000000
0000000010000000011111110111111101111111011111110000000000000000
0000000010000000011111110111111101111111011111110000000000000000
0000000010000000011111110111111101111111011111110000000000000000
0000000010000000011111110111111101111111011111110000000000000000
0000000010000000011111110111111101111111011111110000000000000000
0000000010000000011111110111111101111111011111110000000000000000
0000000010000000011111110111111101111111011111110000000000000000
0000000010000000011111110111111101111111011111110000000000000000
0000000010000000011111110111111101111111011111110000000000000000
0000000010000000011111110111111101111111011111110000000000000000
0000000010000000011111110111111101111111011111110000000000000000
0000000010000000011111110111111101111111011111110000000000000000
0000000010000000011111110111111101111111011111110000000000000000
0000000010000000011111110111111101111111011111110000000000000000
0000000010000000011111110111111101111111011111110000000000000000
0000000010000000011111110111111101111111011111110000000000000000
0000000010000000011111110111111101111111011111110000000000000000
0000000010000000011111110111111101111111011111110000000000000000
0000000010000000011111110111111101111111011111110000000000000000
0000000010000000011111110111111101111111011111110000000000000000
0000000010000000011111110111111101111111011111110000000000000000
0000000010000000011111110111111101111111011111110000000000000000
0000000010000000011111110111111101111111011111110000000000000000
0000000010000000011111110111111101111111011111110000000000000000
0000000010000000011111110111111101111111011111110000000000000000
0000000010000000011111110111111101111111011111110000000000000000
0000000010000000011111110111111101111111011111110000000000000000
0000000010000000011111110111111101111111011111110000000000000000
0000000010000000011111110111111101111111011111110000000000000000
0000000010000000011111110111111101111111011111110000000000000000
0000000010000000011111110111111101111111011111110000000000000000
0000000010000000011111110111111101111111011111110000000000000000
0000000010000000011111110111111101111111011111110000000000000000
0000000010000000011111110111111101111111011111110000000000000000
0000000010000000011111110111111101111111011111110000000000000000
0000000010000000011111110111111101111111011111110000000000000000
0000000010000000011111110111111101111111011111110000000000000000
0000000010000000011111110111111101111111011111110000000000000000
0000000010000000011111110111111101111111011111110000000000000000
0000000010000000011111110111111101111111011111110000000000000000
0000000010000000011111110111111101111111011111110000000000000000
0000000010000000011111110111111101111111011111110000000000000000
0000000010000000011111110111111101111111011111110000000000000000
0000000010000000011111110111111101111111011111110000000000000000
0000000010000000011111110111111101111111011111110000000000000000
0000000010000000011111110111111101111111011111110000000000000000
0000000010000000011111110111111101111111011111110000000000000000
0000000010000000011111110111111101111111011111110000000000000000
0000000010000000011111110111111101111111011111110000000000000000
0000000010000000011111110111111101111111011111110000000000000000
0000000010000000011111110111111101111111011111110000000000000000
0000000010000000011111110111111101111111011111110000000000000000
0000000010000000011111110111111101111111011111110000000000000000
0000000010000000011111110111111101111111011111110000000000000000
0000000010000000011111110111111101111111011111110000000000000000
0000000010000000011111110111111101111111011111110000000000000000
0000000010000000011111110111111101111111011111110000000000000000
0000000010000000011111110111111101111111011111110000000000000000
0000000010000000011111110111111101111111011111110000000000000000
0000000010000000011111110111111101111111011111110000000000000000
0000000010000000011111110111111101111111011111110000000000000000
0000000010000000011111110111111101111111011111110000000000000000
0000000010000000011111110111111101111111011111110000000000000000
0000000010000000011111110111111101111111011111110000000000000000
0000000010000000011111110111111101111011011111110000000000000000
0000000010000000011111110111111101101101011111110000000000000000
0000000010000000011111110111111101010011011111110000000000000000
0000000010000000011111110111111100110110011111110000000000000000
0000000010000000011111110111111100011101011111110000000000000000
0000000010000000011111110111111100010001011111110000000000000000
0000000010000000011111110111111100010000011111110000000000000000
0000000010000000011111110111111100010000011111110000000000000000
0000000010000000011111110111111100010000011111110000000000000000
0000000010000000011111110111111100010000011111110000000000000000
0000000010000000011111110111111100010000011111110000000000000000
0000000010000000011111110111111100010000011111110000000000000000
0000000010000000011111110111111100010000011111110000000000000000
0000000010000000011111110111111100010000011111110000000000000000
0000000010000000011111110111111100010000011111110000000000000000
0000000010000000011111110111111100010000011111110000000000000000
0000000010000000011111110111111100010000011111110000000000000000
0000000010000000011111110111111100010000011111110000000000000000
0000000010000000011111110111111100010000011111110000000000000000
0000000010000000011111110111111100010000011111110000000000000000
0000000010000000011111110111111100010000011111110000000000000000
0000000010000000011111110111111100010000011111110000000000000000
0000000010000000011111110111111100010000011111110000000000000000
0000000010000000011111110111111100010000011111110000000000000000
0000000010000000011111110111111100010000011111110000000000000000
0000000010000000011111110111111100010000011111110000000000000000
0000000010000000011111110111111100010000011111110000000000000000
0000000010000000011111110111111100010000011111110000000000000000
0000000010000000011111110111111100010000011111110000000000000000
0000000010000000011111110111111100010000011111110000000000000000
0000000010000000011111110111111100010000011111110000000000000000
0000000010000000011111110111111100010000011111110000000000000000
0000000010000000011111110111111100010000011111110000000000000000
0000000010000000011111110111111100010000011111110000000000000000
0000000010000000011111110111111100010000011111110000000000000000
0000000010000000011111110111111100010000011111110000000000000000
0000000010000000011111110111111100010000011111110000000000000000
0000000010000000011111110111111100010000011111110000000000000000
0000000010000000011111110111111100010000011111110000000000000000
0000000010000000011111110111111100010000011111110000000000000000
0000000010000000011111110111111100010000011111110000000000000000
0000000010000000011111110111111100010000011111110000000000000000
0000000010000000011111110111111100010000011111110000000000000000
0000000010000000011111110111111100010000011111110000000000000000
0000000010000000011111110111111100010000011111110000000000000000
0000000010000000011111110111111100010000011111110000000000000000
0000000010000000011111110111111100010000011111110000000000000000
0000000010000000011111110111111100010000011111110000000000000000
0000000010000000011111110111111100010000011111110000000000000000
0000000010000000011111110111111100010000011111110000000000000000
0000000010000000011111110111111100010000011111110000000000000000
0000000010000000011111110111111100010000011111110000000000000000
0000000010000000011111110111111100010000011111110000000000000000
0000000010000000011111110111111100010000011111110000000000000000
0000000010000000011111110111111100010000011111110000000000000000
0000000010000000011111110111111100010000011111110000000000000000
0000000010000000011111110111111100010000011111110000000000000000
0000000010000000011111110111111100010000011111110000000000000000
0000000010000000011111110111111100010000011111110000000000000000
0000000010000000011111110111111100010000011111110000000000000000
0000000010000000011111110111111100010000011111110000000000000000
0000000010000000011111110111111100010000011111110000000000000000
0000000010000000011111110111111100010000011111110000000000000000
0000000010000000011111110111111100010000011111110000000000000000
0000000010000000011111110111111100010000011111110000000000000000
0000000010000000011111110111111100010000011111110000000000000000
0000000010000000011111110111111100010000011111110000000000000000
0000000010000000011111110111111100010000011111110000000000000000
0000000010000000011111110111111100010000011111110000000000000000
0000000010000000011111110111111100010000011111110000000000000000
0000000010000000011111110111111100010000011111110000000000000000
0000000010000000011111110111111100010000011111110000000000000000
0000000010000000011111110111111100010000011111110000000000000000
0000000010000000011111110111111100010000011111110000000000000000
0000000010000000011111110111111100010000011111110000000000000000
0000000010000000011111110111111100010000011111110000000000000000
0000000010000000011111110111111100010000011111110000000000000000
0000000010000000011111110111111100010000011111110000000000000000
0000000010000000011111110111111100010000011111110000000000000000
0000000010000000011111110111111100010000011111110000000000000000
0000000010000000011111110111111100010000011111110000000000000000
0000000010000000011111110111111100010000011111110000000000000000
0000000010000000011111110111111100010000011111110000000000000000
0000000010000000011111110111111100010000011111110000000000000000
0000000010000000011111110111111100010000011111110000000000000000
0000000010000000011111110111111100010000011111110000000000000000
0000000010000000011111110111111100010000011111110000000000000000
0000000010000000011111110111111100010000011111110000000000000000
0000000010000000011111110111111100010000011111110000000000000000
0000000010000000011111110111111100010000011111110000000000000000
0000000010000000011111110111111100010000011111110000000000000000
0000000010000000011111110111111100010000011111110000000000000000
0000000010000000011111110111111100010000011111110000000000000000
0000000010000000011111110111111100010000011111110000000000000000
0000000010000000011111110111111100010000011111110000000000000000
0000000010000000011111110111111100010000011111110000000000000000
0000000010000000011111110111111100010000011111110000000000000000
0000000010000000011111110111111100010000011111110000000000000000
0000000010000000011111110111111100010000011111110000000000000000
0000000010000000011111110111111100010000011111110000000000000000
0000000010000000011111110111111100010000011111110000000000000000
0000000010000000011111110111111100010000011111110000000000000000
0000000010000000011111110111111100010000011111110000000000000000
0000000010000000011111110111111100010000011111110000000000000000
0000000010000000011111110111111100010000011111110000000000000000
0000000010000000011111110111111100010000011111110000000000000000
0000000010000000011111110111111100010000011111110000000000000000
0000000010000000011111110111111100010000011111110000000000000000
0000000010000000011111110111111100010000011111110000000000000000
0000000010000000011111110111111100010000011111110000000000000000
0000000010000000011111110111111100010000011111110000000000000000
0000000010000000011111110111111100010000011111110000000000000000
0000000010000000011111110111111100010000011111110000000000000000
0000000010000000011111110111111100010000011111110000000000000000
0000000010000000011111110111111100010000011111110000000000000000
0000000010000000011111110111111100010000011111110000000000000000
0000000010000000011111110111111100010000011111110000000000000000
0000000010000000011111110111111100010000011111110000000000000000
0000000010000000011111110111111100010000011111110000000000000000
0000000010000000011111110111111100010000011111110000000000000000
0000000010000000011111110111111100010000011111110000000000000000
0000000010000000011111110111111100010000011111110000000000000000
0000000010000000011111110111111100010000011111110000000000000000
0000000010000000011111110111111100010000011111110000000000000000
0000000010000000011111110111111100010000011111110000000000000000
0000000010000000011111110111111100010000011111110000000000000000
0000000010000000011111110111111100010000011111110000000000000000
0000000010000000011111110111111100010000011111110000000000000000
0000000010000000011111110111111100010000011111110000000000000000
0000000010000000011111110111111100010000011111110000000000000000
0000000010000000011111110111111100010000011111110000000000000000
0000000010000000011111110111111100010000011111110000000000000000
0000000010000000011111110111111100010000011111110000000000000000
0000000010000000011111110111111100010000011111110000000000000000
0000000010000000011111110111111100010000011111110000000000000000
0000000010000000011111110111111100010000011111110000000000000000
0000000010000000011111110111111100010000011111110000000000000000
0000000010000000011111110111111100010000011111110000000000000000
0000000010000000011111110111111100010000011111110000000000000000
0000000010000000011111110111111100010000011111110000000000000000
0000000010000000011111110111111100010000011111110000000000000000
0000000010000000011111110111111100010000011111110000000000000000
0000000010000000011111110111111100010000011111110000000000000000
0000000010000000011111110111111100010000011111110000000000000000
0000000010000000011111110111111100010000011111110000000000000000
0000000010000000011111110111111100010000011111110000000000000000
0000000010000000011111110111111100010000011111110000000000000000
0000000010000000011111110111111100010000011111110000000000000000
0000000010000000011111110111111100010000011111110000000000000000
0000000010000000011111110111111100010000011111110000000000000000
0000000010000000011111110111111100010000011111110000000000000000
0000000010000000011111110111111100010000011111110000000000000000
0000000010000000011111110111111100010000011111110000000000000000
0000000010000000011111110111111100010000011111110000000000000000
0000000010000000011111110111111100010000011111110000000000000000
0000000010000000011111110111111100010000011111110000000000000000
0000000010000000011111110111111100010000011111110000000000000000
0000000010000000011111110111111100010000011111110000000000000000
0000000010000000011111110111111100010000011111110000000000000000
0000000010000000011111110111111100010000011111110000000000000000
0000000010000000011111110111111100010000011111110000000000000000
0000000010000000011111110111111100010000011111110000000000000000
0000000010000000011111110111111100010000011111110000000000000000
0000000010000000011111110111111100010000011111110000000000000000
0000000010000000011111110111111100010000011111110000000000000000
0000000010000000011111110111111100010000011111110000000000000000
0000000010000000011111110111111100010000011111110000000000000000
0000000010000000011111110111111100010000011111110000000000000000
0000000010000000011111110111111100010000011111110000000000000000
0000000010000000011111110111111100010000011111110000000000000000
0000000010000000011111110111111100010000011111110000000000000000
0000000010000000011111110111111100010000011111110000000000000000
0000000010000000011111110111111100010000011111110000000000000000
0000000010000000011111110111111100010000011111110000000000000000
0000000010000000011111110111111100010000011111110000000000000000
0000000010000000011111110111111100010000011111110000000000000000
000000001000000001