11111111011111110000000000000000 
0000000010000000011111110111111101111111011111100000000000000 
0000000010000000011111110111111101111111011111110000000000000000 
0000000010000000011111110111111101111111011111100000000000000 
0000000010000000011111110111111101111111011111110000000000000000 
000000001000000001111111011111110111111101111110000000010000000011111110111111101111111011111110000000000000000 
0000000010000000011111110111111101111111011111110000000000000000 
0000000010000000011111110111111101111111011111110000000000000000 
0000000010000000011111110111111101111111011111110000000000000000 
0000000010000000011111110111111101111111011111110000000000000000 
0000000010000000011111110111111101111111011111110000000000000000 
0000000010000000011111110111111101111111011111110000000000000000 
0000000010000000011111110111111101111111011111110000000000000000 
0000000010000000011111110111111101111111011111110000000000000000 
0000000010000000011111110111111101111111011111110000000000000000 
0000000010000000011111110111111101111111011111110000000000000000 
0000000010000000011111110111111101111111011111110000000000000000 
0000000010000000011111110111111101111111011111110000000000000000 
0000000010000000011111110111111101111111011111110000000000000000 
0000000010000000011111110111111101111111011111110000000000000000 
0000000010000000011111110111111101111111011111110000000000000000 
0000000010000000011111110111111101111111011111110000000000000000 
0000000010000000011111110111111101111111011111110000000000000000 
0000000010000000011111110111111101111111011111110000000000000000 
0000000010000000011111110111111101111111011111110000000000000000 
0000000010000000011111110111111101111111011111110000000000000000 
0000000010000000011111110111111101111111011111110000000000000000 
0000000010000000011111110111111101111111011111110000000000000000 
0000000010000000011111110111111101111111011111110000000000000000 
0000000010000000011111110111111101111111011111110000000000000000 
0000000010000000011111110111111101111111011111110000000000000000 
0000000010000000011111110111111101111111011111110000000000000000 
0000000010000000011111110111111101111111011111110000000000000000 
0000000010000000011111110111111101111111011111110000000000000000 
0000000010000000011111110111111101111111011111110000000000000000 
0000000010000000011111110111111101111111011111110000000000000000 
0000000010000000011111110111111101111111011111110000000000000000 
0000000010000000011111110111111101111111011111110000000000000000 
0000000010000000011111110111111101111111011111110000000000000000 
0000000010000000011111110111111101111111011111110000000000000000 
0000000010000000011111110111111101111111011111110000000000000000 
0000000010000000011111110111111101111111011111110000000000000000 
0000000010000000011111110111111101111111011111110000000000000000 
0000000010000000011111110111111101111111011111110000000000000000 
0000000010000000011111110111111101111111011111110000000000000000 
0000000010000000011111110111111101111111011111110000000000000000 
0000000010000000011111110111111101111111011111110000000000000000 
0000000010000000011111110111111101111111011111110000000000000000 
0000000010000000011111110111111101111111011111110000000000000000 
0000000010000000011111110111111101111111011111110000000000000000 
0000000010000000011111110111111101111111011111110000000000000000 
0000000010000000011111110111111101111111011111110000000000000000 
0000000010000000011111110111111101111111011111110000000000000000 
0000000010000000011111110111111101111111011111110000000000000000 
0000000010000000011111110111111101111111011111110000000000000000 
0000000010000000011111110111111101111111011111110000000000000000 
0000000010000000011111110111111101111111011111110000000000000000 
0000000010000000011111110111111101111111011111110000000000000000 
0000000010000000011111110111111101111111011111110000000000000000 
0000000010000000011111110111111101111111011111110000000000000000 
0000000010000000011111110111111101111111011111110000000000000000 
0000000010000000011111110111111101111111011111110000000000000000 
0000000010000000011111110111111101111111011111110000000000000000 
0000000010000000011111110111111101111111011111110000000000000000 
0000000010000000011111110111111101111111011111110000000000000000 
0000000010000000011111110111111101111111011111110000000000000000 
0000000010000000011111110111111101111111011111110000000000000000 
0000000010000000011111110111111101111111011111110000000000000000 
0000000010000000011111110111111101111111011111110000000000000000 
0000000010000000011111110111111101111111011111110000000000000000 
0000000010000000011111110111111101111111011111110000000000000000 
0000000010000000011111110111111101111111011111110000000000000000 
0000000010000000011111110111111101111111011111110000000000000000 
0000000010000000011111110111111101111111011111110000000000000000 
0000000010000000011111110111111101111111011111110000000000000000 
0000000010000000011111110111111101111111011111110000000000000000 
0000000010000000011111110111111101111111011111110000000000000000 
0000000010000000011111110111111101111111011111110000000000000000 
0000000010000000011111110111111101111111011111110000000000000000 
0000000010000000011111110111111101111111011111110000000000000000 
0000000010000000011111110111111101111111011111110000000000000000 
0000000010000000011111110111111101111111011111110000000000000000 
0000000010000000011111110111111101111111011111110000000000000000 
0000000010000000011111110111111101111111011111110000000000000000 
0000000010000000011111110111111101111111011111110000000000000000 
0000000010000000011111110111111101111111011111110000000000000000 
0000000010000000011111110111111101111111011111110000000000000000 
0000000010000000011111110111111101111111011111110000000000000000 
0000000010000000011111110111111101111111011111110000000000000000 
0000000010000000011111110111111101111111011111110000000000000000 
0000000010000000011111110111111101111111011111110000000000000000 
0000000010000000011111110111111101111111011111110000000000000000 
0000000010000000011111110111111101111111011111110000000000000000 
0000000010000000011111110111111101111111011111110000000000000000 
0000000010000000011111110111111101111111011111110000000000000000 
0000000010000000011111110111111101111111011111110000000000000000 
0000000010000000011111110111111101111111011111110000000000000000 
0000000010000000011111110111111101111111011111110000000000000000 
0000000010000000011111110111111101111111011111110000000000000000 
0000000010000000011111110111111101111111011111110000000000000000 
0000000010000000011111110111111101111111011111110000000000000000 
0000000010000000011111110111111101111111011111110000000000000000 
0000000010000000011111110111111101111111011111110000000000000000 
0000000010000000011111110111111101111111011111110000000000000000 
0000000010000000011111110111111101111111011111110000000000000000 
0000000010000000011111110111111101111111011111110000000000000000 
0000000010000000011111110111111101111111011111110000000000000000 
0000000010000000011111110111111101111111011111110000000000000000 
0000000010000000011111110111111101111111011111110000000000000000 
0000000010000000011111110111111101111111011111110000000000000000 
0000000010000000011111110111111101111111011111110000000000000000 
0000000010000000011111110111111101111111011111110000000000000000 
0000000010000000011111110111111101111111011111110000000000000000 
0000000010000000011111110111111101111111011111110000000000000000 
0000000010000000011111110111111101111111011111110000000000000000 
0000000010000000011111110111111101111111011111110000000000000000 
0000000010000000011111110111111101111111011111110000000000000000 
0000000010000000011111110111111101111111011111110000000000000000 
0000000010000000011111110111111101111111011111110000000000000000 
0000000010000000011111110111111101111111011111110000000000000000 
0000000010000000011111110111111101111111011111110000000000000000 
0000000010000000011111110111111101111111011111110000000000000000 
0000000010000000011111110111111101111111011111110000000000000000 
0000000010000000011111110111111101111111011111110000000000000000 
0000000010000000011111110111111101111111011111110000000000000000 
0000000010000000011111110111111101111111011111110000000000000000 
0000000010000000011111110111111101111111011111110000000000000000 
0000000010000000011111110111111101111111011111110000000000000000 
0000000010000000011111110111111101111111011111110000000000000000 
0000000010000000011111110111111101111111011111110000000000000000 
0000000010000000011111110111111101111111011111110000000000000000 
0000000010000000011111110111111101111111011111110000000000000000 
0000000010000000011111110111111101111111011111110000000000000000 
0000000010000000011111110111111101111111011111110000000000000000 
0000000010000000011111110111111101111111011111110000000000000000 
0000000010000000011111110111111101111111011111110000000000000000 
0000000010000000011111110111111101111111011111110000000000000000 
0000000010000000011111110111111101111111011111110000000000000000 
0000000010000000011111110111111101111111011111110000000000000000 
0000000010000000011111110111111101111111011111110000000000000000 
0000000010000000011111110111111101111111011111110000000000000000 
0000000010000000011111110111111101111111011111110000000000000000 
0000000010000000011111110111111101111111011111110000000000000000 
0000000010000000011111110111111101111111011111110000000000000000 
0000000010000000011111110111111101111111011111110000000000000000 
0000000010000000011111110111111101111111011111110000000000000000 
0000000010000000011111110111111101111111011111110000000000000000 
0000000010000000011111110111111101111111011111110000000000000000 
0000000010000000011111110111111101111111011111110000000000000000 
0000000010000000011111110111111101111111011111110000000000000000 
0000000010000000011111110111111101111111011111110000000000000000 
0000000010000000011111110111111101111111011111110000000000000000 
0000000010000000011111110111111101111111011111110000000000000000 
0000000010000000011111110111111101111111011111110000000000000000 
0000000010000000011111110111111101111111011111110000000000000000 
0000000010000000011111110111111101111111011111110000000000000000 
0000000010000000011111110111111101111111011111110000000000000000 
0000000010000000011111110111111101111111011111110000000000000000 
0000000010000000011111110111111101111111011111110000000000000000 
0000000010000000011111110111111101111111011111110000000000000000 
0000000010000000011111110111111101111111011111110000000000000000 
0000000010000000011111110111111101111111011111110000000000000000 
0000000010000000011111110111111101111111011111110000000000000000 
0000000010000000011111110111111101111111011111110000000000000000 
0000000010000000011111110111111101111111011111110000000000000000 
0000000010000000011111110111111101111111011111110000000000000000 
0000000010000000011111110111111101111111011111110000000000000000 
0000000010000000011111110111111101111111011111110000000000000000 
0000000010000000011111110111111101111111011111110000000000000000 
0000000010000000011111110111111101111111011111110000000000000000 
0000000010000000011111110111111101111111011111110000000000000000 
0000000010000000011111110111111101111111011111110000000000000000 
0000000010000000011111110111111101111111011111110000000000000000 
0000000010000000011111110111111101111111011111110000000000000000 
0000000010000000011111110111111101111111011111110000000000000000 
0000000010000000011111110111111101111111011111110000000000000000 
0000000010000000011111110111111101111111011111110000000000000000 
0000000010000000011111110111111101111111011111110000000000000000 
0000000010000000011111110111111101111111011111110000000000000000 
0000000010000000011111110111111101111111011111110000000000000000 
0000000010000000011111110111111101111111011111110000000000000000 
0000000010000000011111110111111101111111011111110000000000000000 
0000000010000000011111110111111101111111011111110000000000000000 
0000000010000000011111110111111101111111011111110000000000000000 
0000000010000000011111110111111101111111011111110000000000000000 
0000000010000000011111110111111101111111011111110000000000000000 
0000000010000000011111110111111101111111011111110000000000000000 
0000000010000000011111110111111101111111011111110000000000000000 
0000000010000000011111110111111101111111011111110000000000000000 
0000000010000000011111110111111101111111011111110000000000000000 
0000000010000000011111110111111101111111011111110000000000000000 
0000000010000000011111110111111101111111011111110000000000000000 
0000000010000000011111110111111101111111011111110000000000000000 
0000000010000000011111110111111101111111011111110000000000000000 
0000000010000000011111110111111101111111011111110000000000000000 
0000000010000000011111110111111101111111011111110000000000000000 
0000000010000000011111110111111101111111011111110000000000000000 
0000000010000000011111110111111101111111011111110000000000000000 
0000000010000000011111110111111101111111011111110000000000000000 
0000000010000000011111110111111101111111011111110000000000000000 
0000000010000000011111110111111101111111011111110000000000000000 
0000000010000000011111110111111101111111011111110000000000000000 
0000000010000000011111110111111101111111011111110000000000000000 
0000000010000000011111110111111101111111011111110000000000000000 
0000000010000000011111110111111101111111011111110000000000000000 
0000000010000000011111110111111101111111011111110000000000000000 
0000000010000000011111110111111101111111011111110000000000000000 
0000000010000000011111110111111101111111011111110000000000000000 
0000000010000000011111110111111101111111011111110000000000000000 
0000000010000000011111110111111101111111011111110000000000000000 
0000000010000000011111110111111101111111011111110000000000000000 
0000000010000000011111110111111101111111011111110000000000000000 
0000000010000000011111110111111101111111011111110000000000000000 
0000000010000000011111110111111101111111011111110000000000000000 
0000000010000000011111110111111101111111011111110000000000000000 
0000000010000000011111110111111101111111011111110000000000000000 
0000000010000000011111110111111101111111011111110000000000000000 
0000000010000000011111110111111101111111011111110000000000000000 
0000000010000000011111110111111101111111011111110000000000000000 
0000000010000000011111110111111101111111011111110000000000000000 
0000000010000000011111110111111101111111011111110000000000000000 
0000000010000000011111110111111101111111011111110000000000000100 
0000000010000000011111110111111101111111011111110000000000001001 
0000000010000000011111110111111101111111011111110000000000001100 
0000000010000000011111110111111101111111011111110000000000010000 
0000000010000000011111110111111101111111011111110000000000010100 
0000000010000000011111110111111101111111011111110000000000010110 
0000000010000000011111110111111101111111011111110000000000010111 
0000000010000000011111110111111101111111011111110000000000010111 
0000000010000000011111110111111101111111011111110000000000010111 
0000000010000000011111110111111101111111011111110000000000011000 
0000000010000000011111110111111101111111011111110000000000011000 
0000000010000000011111110111111101111111011111110000000000011000 
0000000010000000011111110111111101111111011111110000000000011001 
0000000010000000011111110111111101111111011111110000000000011001 
0000000010000000011111110111111101111111011111110000000000011010 
0000000010000000011111110111111101111111011111110000000000011010 
0000000010000000011111110111111101111111011111110000000000011011 
0000000010000000011111110111111101111111011111110000000000011011 
0000000010000000011111110111111101111111011111110000000000011100 
0000000010000000011111110111111101111111011111110000000000011101 
0000000010000000011111110111111101111111011111110000000000100001 
0000000010000000011111110111111101111111011111110000000000100110 
0000000010000000011111110111111101111111011111110000000000101000 
0000000010000000011111110111111101111111011111110000000000101001 
0000000010000000011111110111111101111111011111110000000000101010 
0000000010000000011111110111111101111111011111110000000000101010 
0000000010000000011111110111111101111111011111110000000000101010 
0000000010000000011111110111111101111111011111110000000000101010 
0000000010000000011111110111111101111111011111110000000000101010 
0000000010000000011111110111111101111111011111110000000000101010 
0000000010000000011111110111111101111111011111110000000000101010 
0000000010000000011111110111111101111111011111110000000000101010 
0000000010000000011111110111111101111111011111110000000000101010 
0000000010000000011111110111111101111111011111110000000000101010 
0000000010000000011111110111111101111111011111110000000000101010 
0000000010000000011111110111111101111111011111110000000000101010 
0000000010000000011111110111111101111111011111110000000000101010 
0000000010000000011111110111111101111111011111110000000000101010 
0000000010000000011111110111111101111111011111110000000000101010 
0000000010000000011111110111111101111111011111110000000000101011 
0000000010000000011111110111111101111111011111110000000000110011 
0000000010000000011111110111111101111111011111110000000000110111 
0000000010000000011111110111111101111111011111110000000000111010 
0000000010000000011111110111111101111111011111110000000000111111 
0000000010000000011111110111111101111111011111110000000001000101 
0000000010000000011111110111111101111111011111110000000001001000 
0000000010000000011111110111111101111111011111110000000001001001 
0000000010000000011111110111111101111111011111110000000001001001 
0000000010000000011111110111111101111111011111110000000001001001 
0000000010000000011111110111111101111111011111110000000001001010 
0000000010000000011111110111111101111111011111110000000001001010 
0000000010000000011111110111111101111111011111110000000001001010 
0000000010000000011111110111111101111111011111110000000001001010 
0000000010000000011111110111111101111111011111110000000001001011 
0000000010000000011111110111111101111111011111110000000001001011 
0000000010000000011111110111111101111111011111110000000001001011 
0000000010000000011111110111111101111111011111110000000001001011 
0000000010000000011111110111111101111111011111110000000001001011 
0000000010000000011111110111111101111111011111110000000001001100 
0000000010000000011111110111111101111111011111110000000001001101 
0000000010000000011111110111111101111111011111110000000001010011 
0000000010000000011111110111111101111111011111110000000001010110 
0000000010000000011111110111111101111111011111110000000001011011 
0000000010000000011111110111111101111111011111110000000001011111 
0000000010000000011111110111111101111111011111110000000001100010 
0000000010000000011111110111111101111111011111110000000001100111 
0000000010000000011111110111111101111111011111110000000001101010 
0000000010000000011111110111111101111111011111110000000001101110 
0000000010000000011111110111111101111111011111110000000001110000 
0000000010000000011111110111111101111111011111110000000001110001 
0000000010000000011111110111111101111111011111110000000001110010 
0000000010000000011111110111111101111111011111110000000001110011 
0000000010000000011111110111111101111111011111110000000001110011 
0000000010000000011111110111111101111111011111110000000001110011 
0000000010000000011111110111111101111111011111110000000001110100 
0000000010000000011111110111111101111111011111110000000001110100 
0000000010000000011111110111111101111111011111110000000001110100 
0000000010000000011111110111111101111111011111110000000001110100 
0000000010000000011111110111111101111111011111110000000001110100 
0000000010000000011111110111111101111111011111110000000001110100 
0000000010000000011111110111111101111111011111110000000001110100 
0000000010000000011111110111111101111111011111110000000001110100 
0000000010000000011111110111111101111111011111110000000001110100 
0000000010000000011111110111111101111111011111110000000001110100 
0000000010000000011111110111111101111111011111110000000001110100 
0000000010000000011111110111111101111111011111110000000001110100 
0000000010000000011111110111111101111111011111110000000001110100 
0000000010000000011111110111111101111111011111110000000001110100 
0000000010000000011111110111111101111111011111110000000001110100 
0000000010000000011111110111111101111111011111110000000001110100 
0000000010000000011111110111111101111111011111110000000001110100 
0000000010000000011111110111111101111111011111110000000001110100 
0000000010000000011111110111111101111111011111110000000001110100 
0000000010000000011111110111111101111111011111110000000001110100 
0000000010000000011111110111111101111111011111110000000001110100 
0000000010000000011111110111111101111111011111110000000001110100 
0000000010000000011111110111111101111111011111110000000001110100 
0000000010000000011111110111111101111111011111110000000001110100 
0000000010000000011111110111111101111111011111110000000001110100 
0000000010000000011111110111111101111111011111110000000001110100 
0000000010000000011111110111111101111111011111110000000001110100 
0000000010000000011111110111111101111111011111110000000001110100 
0000000010000000011111110111111101111111011111110000000001110100 
0000000010000000011111110111111101111111011111110000000001110100 
0000000010000000011111110111111101111111011111110000000001110100 
0000000010000000011111110111111101111111011111110000000001110100 
0000000010000000011111110111111101111111011111110000000001110100 
0000000010000000011111110111111101111111011111110000000001110100 
0000000010000000011111110111111101111111011111110000000001110100 
0000000010000000011111110111111101111111011111110000000001110100 
0000000010000000011111110111111101111111011111110000000001110100 
0000000010000000011111110111111101111111011111110000000001110101 
0000000010000000011111110111111101111111011111110000000001110101 
0000000010000000011111110111111101111111011111110000000001110101 
0000000010000000011111110111111101111111011111110000000001111001 
0000000010000000011111110111111101111111011111110000000001111101 
0000000010000000011111110111111101111111011111110000000001111111 
0000000010000000011111110111111101111111011111110000000010000010 
0000000010000000011111110111111101111111011111110000000010000101 
0000000010000000011111110111111101111111011111110000000010000111 
0000000010000000011111110111111101111111011111110000000010001001 
0000000010000000011111110111111101111111011111110000000010001010 
0000000010000000011111110111111101111111011111110000000010001011 
0000000010000000011111110111111101111111011111110000000010001100 
0000000010000000011111110111111101111111011111110000000010001101 
0000000010000000011111110111111101111111011111110000000010001101 
0000000010000000011111110111111101111111011111110000000010001101 
0000000010000000011111110111111101111111011111110000000010001101 
0000000010000000011111110111111101111111011111110000000010001101 
0000000010000000011111110111111101111111011111110000000010001101 
0000000010000000011111110111111101111111011111110000000010001101 
0000000010000000011111110111111101111111011111110000000010001101 
0000000010000000011111110111111101111111011111110000000010001110 
0000000010000000011111110111111101111111011111110000000010001110 
0000000010000000011111110111111101111111011111110000000010001111 
0000000010000000011111110111111101111111011111110000000010001111 
0000000010000000011111110111111101111111011111110000000010001111 
0000000010000000011111110111111101111111011111110000000010001111 
0000000010000000011111110111111101111111011111110000000010010000 
0000000010000000011111110111111101111111011111110000000010010000 
0000000010000000011111110111111101111111011111110000000010010000 
0000000010000000011111110111111101111111011111110000000010010000 
0000000010000000011111110111111101111111011111110000000010010001 
0000000010000000011111110111111101111111011111110000000010010001 
0000000010000000011111110111111101111111011111110000000010010001 
0000000010000000011111110111111101111111011111110000000010010001 
0000000010000000011111110111111101111111011111110000000010010001 
0000000010000000011111110111111101111111011111110000000010010001 
0000000010000000011111110111111101111111011111110000000010010010 
0000000010000000011111110111111101111111011111110000000010010010 
0000000010000000011111110111111101111111011111110000000010010010 
0000000010000000011111110111111101111111011111110000000010010010 
0000000010000000011111110111111101111111011111110000000010010010 
0000000010000000011111110111111101111111011111110000000010010010 
0000000010000000011111110111111101111111011111110000000010010011 
0000000010000000011111110111111101111111011111110000000010011001 
0000000010000000011111110111111101111111011111110000000010011100 
0000000010000000011111110111111101111111011111110000000010100010 
0000000010000000011111110111111101111111011111110000000010100110 
0000000010000000011111110111111101111111011111110000000010101001 
0000000010000000011111110111111101111111011111110000000010101001 
0000000010000000011111110111111101111111011111110000000010101010 
0000000010000000011111110111111101111111011111110000000010101010 
0000000010000000011111110111111101111111011111110000000010101010 
0000000010000000011111110111111101111111011111110000000010101010 
0000000010000000011111110111111101111111011111110000000010101010 
0000000010000000011111110111111101111111011111110000000010101010 
0000000010000000011111110111111101111111011111110000000010101010 
0000000010000000011111110111111101111111011111110000000010101010 
0000000010000000011111110111111101111111011111110000000010101010 
0000000010000000011111110111111101111111011111110000000010101010 
0000000010000000011111110111111101111111011111110000000010101010 
0000000010000000011111110111111101111111011111110000000010101010 
0000000010000000011111110111111101111111011111110000000010101010 
0000000010000000011111110111111101111111011111110000000010101011 
0000000010000000011111110111111101111111011111110000000010101011 
0000000010000000011111110111111101111111011111110000000010101011 
0000000010000000011111110111111101111111011111110000000010101011 
0000000010000000011111110111111101111111011111110000000010101011 
0000000010000000011111110111111101111111011111110000000010101011 
0000000010000000011111110111111101111111011111110000000010101011 
0000000010000000011111110111111101111111011111110000000010101011 
0000000010000000011111110111111101111111011111110000000010101011 
0000000010000000011111110111111101111111011111110000000010101011 
0000000010000000011111110111111101111111011111110000000010101100 
0000000010000000011111110111111101111111011111110000000010101101 
0000000010000000011111110111111101111111011111110000000010101101 
0000000010000000011111110111111101111111011111110000000010101110 
0000000010000000011111110111111101111111011111110000000010101110 
0000000010000000011111110111111101111111011111110000000010101111 
0000000010000000011111110111111101111111011111110000000010101111 
0000000010000000011111110111111101111111011111110000000010101111 
0000000010000000011111110111111101111111011111110000000010101111 
0000000010000000011111110111111101111111011111110000000010101111 
0000000010000000011111110111111101111111011111110000000010101111 
0000000010000000011111110111111101111111011111110000000010101111 
0000000010000000011111110111111101111111011111110000000010101111 
0000000010000000011111110111111101111111011111110000000010101111 
0000000010000000011111110111111101111111011111110000000010101111 
0000000010000000011111110111111101111111011111110000000010110000 
0000000010000000011111110111111101111111011111110000000010110000 
0000000010000000011111110111111101111111011111110000000010110000 
0000000010000000011111110111111101111111011111110000000010110000 
0000000010000000011111110111111101111111011111110000000010110000 
0000000010000000011111110111111101111111011111110000000010110000 
0000000010000000011111110111111101111111011111110000000010110001 
0000000010000000011111110111111101111111011111110000000010110001 
0000000010000000011111110111111101111111011111110000000010110001 
0000000010000000011111110111111101111111011111110000000010110010 
0000000010000000011111110111111101111111011111110000000010110010 
0000000010000000011111110111111101111111011111110000000010110010 
0000000010000000011111110111111101111111011111110000000010110011 
0000000010000000011111110111111101111111011111110000000010110011 
0000000010000000011111110111111101111111011111110000000010110100 
0000000010000000011111110111111101111111011111110000000010110101 
0000000010000000011111110111111101111111011111110000000010110110 
0000000010000000011111110111111101111111011111110000000010110110 
0000000010000000011111110111111101111111011111110000000010110111 
0000000010000000011111110111111101111111011111110000000010110111 
0000000010000000011111110111111101111111011111110000000010110111 
0000000010000000011111110111111101111111011111110000000010110111 
0000000010000000011111110111111101111111011111110000000010110111 
0000000010000000011111110111111101111111011111110000000010111000 
0000000010000000011111110111111101111111011111110000000010111000 
0000000010000000011111110111111101111111011111110000000010111001 
0000000010000000011111110111111101111111011111110000000010111010 
0000000010000000011111110111111101111111011111110000000010111010 
0000000010000000011111110111111101111111011111110000000010111011 
0000000010000000011111110111111101111111011111110000000010111100 
0000000010000000011111110111111101111111011111110000000010111100 
0000000010000000011111110111111101111111011111110000000010111101 
0000000010000000011111110111111101111111011111110000000010111101 
0000000010000000011111110111111101111111011111110000000010111110 
0000000010000000011111110111111101111111011111110000000010111110 
0000000010000000011111110111111101111111011111110000000010111111 
0000000010000000011111110111111101111111011111110000000010111111 
0000000010000000011111110111111101111111011111110000000011000000 
0000000010000000011111110111111101111111011111110000000011000001 
0000000010000000011111110111111101111111011111110000000011000010 
0000000010000000011111110111111101111111011111110000000011000011 
0000000010000000011111110111111101111111011111110000000011000100 
0000000010000000011111110111111101111111011111110000000011000100 
0000000010000000011111110111111101111111011111110000000011000101 
0000000010000000011111110111111101111111011111110000000011000101 
0000000010000000011111110111111101111111011111110000000011000110 
0000000010000000011111110111111101111111011111110000000011001000 
0000000010000000011111110111111101111111011111110000000011100000 
0000000010000000011111110111111101111111011111110000000011111111 
0000000010000000011111110111111101111111011111110000000011111111 
0000000010000000011111110111111101111111011111110000000011111111 
0000000010100000011111110111111101111111011111110000000011111111 
0000000010100000011111110111111101111111011111110000000011111111 
0000000010100000011111110111111101111111011111110000000011111111 
0000000010100000011111110111111101111111011111110000000011111111 
0000000010100000011111110111111101111111011111110000000011111111 
0000000010100000011111110111111101111111011111110000000011111111 
0000000010100000011111110111111101111111011111110000000011111111 
0000000010100000011111110111111101111111011111110000000011111111 
0000000010100000011111110111111101111111011111110000000011111111 
0000000010100000011111110111111101111111011111110000000011111111 
0000000010100000011111110111111101111111011111110000000011111111 
0000000010100000011111110111111101111111011111110000000011111111 
0000000010100000011111110111111101111111011111110000000011111111 
0000000010100000011111110111111101111111011111110000000011111111 
0000000010100000011111110111111101111111011111110000000011111111 
0000000010100000011111110111111101111111011111110000000011111111 
0000000010100000011111110111111101111111011111110000000011111111 
0000000010100000011111110111111101111111011111110000000011111111 
0000000010100000011111110111111101111111011111110000000011111111 
0000000010100000011111110111111101111111011111110000000011111111 
0000000010100000011111110111111101111111011111110000000011111111 
0000000010100000011111110111111101111111011111110000000011111111 
0000000010100000011111110111111101111111011111110000000011111111 
0000000010100000011111110111111101111111011111110000000011111111 
0000000010100000011111110111111101111111011111110000000011111111 
0000000010100000011111110111111101111111011111110000000011111111 
0000000010100000011111110111111101111111011111110000000011111111 
0000000010100000011111110111111101111111011111110000000011111111 
0000000010100000011111110111111101111111011111110000000011111111 
0000000010100000011111110111111101111111011111110000000011111111 
0000000010100000011111110111111101111111011111110000000011111111 
0000000010100000011111110111111101111111011111110000000011111111 
0000000010100000011111110111111101111111011111110000000011111111 
0000000010100000011111110111111101111111011111110000000011111111 
0000000010100000011111110111111101111111011111110000000011111111 
0000000010100000011111110111111101111111011111110000000011111111 
0000000010100000011111110111111101111111011111110000000011111111 
0000000010100000011111110111111101111111011111110000000011111111 
0000000010100000011111110111111101111111011111110000000011111111 
0000000010100000011111110111111101111111011111110000000011111111 
0000000010100000011111110111111101111111011111110000000011111111 
0000000010100000011111110111111101111111011111110000000011111111 
0000000010100000011111110111111101111111011111110000000011111111 
0000000010100000011111110111111101111111011111110000000011111111 
0000000010100000011111110111111101111111011111110000000011111111 
0000000010100000011111110111111101111111011111110000000011111111 
0000000010100000011111110111111101111111011111110000000011111111 
0000000010100000011111110111111101111111011111110000000011111111 
0000000010100000011111110111111101111111011111110000000011111111 
0000000010100000011111110111111101111111011111110000000011111111 
0000000010100000011111110111111101111111011111110000000011111111 
0000000010100000011111110111111101111111011111110000000011111111 
0000000010100000011111110111111101111111011111110000000011111111 
0000000010100000011111110111111101111111011111110000000011111111 
0000000010100000011111110111111101111111011111110000000011111111 
0000000010100000011111110111111101111111011111110000000011111111 
0000000010100000011111110111111101111111011111110000000011111111 
0000000010100000011111110111111101111111011111110000000011111111 
0000000010100000011111110111111101111111011111110000000011111111 
0000000010100000011111110111111101111111011111110000000011111111 
0000000010100000011111110111111101111111011111110000000011111111 
0000000010100000011111110111111101111111011111110000000011111111 
0000000010100000011111110111111101111111011111110000000011111111 
0000000010100000011111110111111101111111011111110000000011111111 
0000000010100000011111110111111101111111011111110000000011111111 
0000000010100000011111110111111101111111011111110000000011111111 
0000000010100000011111110111111101111111011111110000000011111111 
0000000010100000011111110111111101111111011111110000000011111111 
0000000010100000011111110111111101111111011111110000000011111111 
0000000010100000011111110111111101111111011111110000000011111111 
0000000010100000011111110111111101111111011111110000000011111111 
0000000010100000011111110111111101111111011111110000000011111111 
0000000010100000011111110111111101111111011111110000000011111111 
0000000010100000011111110111111101111111011111110000000011111111 
0000000010100000011111110111111101111111011111110000000011111111 
0000000010100000011111110111111101111111011111110000000011111111 
0000000010100000011111110111111101111111011111110000000011111111 
0000000010100000011111110111111101111111011111110000000011111111 
0000000010100000011111110111111101111111011111110000000011111111 
0000000010100000011111110111111101111111011111110000000011111111 
0000000010100000011111110111111101111111011111110000000011111111 
0000000010100000011111110111111101111111011111110000000011111111 
0000000010100000011111110111111101111111011111110000000011111111 
0000000010100000011111110111111101111111011111110000000011111111 
0000000010100000011111110111111101111111011111110000000011111111 
0000000010100000011111110111111101111111011111110000000011111111 
0000000010100000011111110111111101111111011111110000000011111111 
0000000010100000011111110111111101111111011111110000000011111111 
0000000010100000011111110111111101111111011111110000000011111111 
0000000010100000011111110111111101111111011111110000000011111111 
0000000010100000011111110111111101111111011111110000000011111111 
0000000010100000011111110111111101111111011111110000000011111111 
0000000010100000011111110111111101111111011111110000000011111111 
0000000010100000011111110111111101111111011111110000000011111111 
0000000010100000011111110111111101111111011111110000000011111111 
0000000010100000011111110111111101111111011111110000000011111111 
0000000010100000011111110111111101111111011111110000000011111111 
0000000010100000011111110111111101111111011111110000000011111111 
0000000010100000011111110111111101111111011111110000000011111111 
0000000010100000011111110111111101111111011111110000000011