00
00000000100000000111110111111101111111011111110000000000000000
0000000010000000011111110111111101111111011111110000000000000000
00000000100000000111110111111101111111011111110000000000000000
0000000010000000011111110111111101111111011111110000000000000000
0000000010000000010000000010000000011111110111111101111111011111110000000000000000
0000000010000000011111110111111101111111011111110000000000000000
0000000010000000011111110111111101111111011111110000000000000000
0000000010000000011111110111111101111111011111110000000000000000
0000000010000000011111110111111101111111011111110000000000000000
0000000010000000011111110111111101111111011111110000000000000000
0000000010000000011111110111111101111111011111110000000000000000
0000000010000000011111110111111101111111011111110000000000000000
0000000010000000011111110111111101111111011111110000000000000000
0000000010000000011111110111111101111111011111110000000000000000
0000000010000000011111110111111101111111011111110000000000000000
0000000010000000011111110111111101111111011111110000000000000000
0000000010000000011111110111111101111111011111110000000000000000
0000000010000000011111110111111101111111011111110000000000000000
0000000010000000011111110111111101111111011111110000000000000000
0000000010000000011111110111111101111111011111110000000000000000
0000000010000000011111110111111101111111011111110000000000000000
0000000010000000011111110111111101111111011111110000000000000000
0000000010000000011111110111111101111111011111110000000000000000
0000000010000000011111110111111101111111011111110000000000000000
0000000010000000011111110111111101111111011111110000000000000000
0000000010000000011111110111111101111111011111110000000000000000
0000000010000000011111110111111101111111011111110000000000000000
0000000010000000011111110111111101111111011111110000000000000000
0000000010000000011111110111111101111111011111110000000000000000
0000000010000000011111110111111101111111011111110000000000000000
0000000010000000011111110111111101111111011111110000000000000000
0000000010000000011111110111111101111111011111110000000000000000
0000000010000000011111110111111101111111011111110000000000000000
0000000010000000011111110111111101111111011111110000000000000000
0000000010000000011111110111111101111111011111110000000000000000
0000000010000000011111110111111101111111011111110000000000000000
0000000010000000011111110111111101111111011111110000000000000000
0000000010000000011111110111111101111111011111110000000000000000
0000000010000000011111110111111101111111011111110000000000000000
0000000010000000011111110111111101111111011111110000000000000000
0000000010000000011111110111111101111111011111110000000000000000
0000000010000000011111110111111101111111011111110000000000000000
0000000010000000011111110111111101111111011111110000000000000000
0000000010000000011111110111111101111111011111110000000000000000
0000000010000000011111110111111101111111011111110000000000000000
0000000010000000011111110111111101111111011111110000000000000000
0000000010000000011111110111111101111111011111110000000000000000
0000000010000000011111110111111101111111011111110000000000000000
0000000010000000011111110111111101111111011111110000000000000000
0000000010000000011111110111111101111111011111110000000000000000
0000000010000000011111110111111101111111011111110000000000000000
0000000010000000011111110111111101111111011111110000000000000000
0000000010000000011111110111111101111111011111110000000000000000
0000000010000000011111110111111101111111011111110000000000000000
0000000010000000011111110111111101111111011111110000000000000000
0000000010000000011111110111111101111111011111110000000000000000
0000000010000000011111110111111101111111011111110000000000000000
0000000010000000011111110111111101111111011111110000000000000000
0000000010000000011111110111111101111111011111110000000000000000
0000000010000000011111110111111101111111011111110000000000000000
0000000010000000011111110111111101111111011111110000000000000000
0000000010000000011111110111111101111111011111110000000000000000
0000000010000000011111110111111101111111011111110000000000000000
0000000010000000011111110111111101111111011111110000000000000000
0000000010000000011111110111111101111111011111110000000000000000
0000000010000000011111110111111101111111011111110000000000000000
0000000010000000011111110111111101111111011111110000000000000000
0000000010000000011111110111111101111111011111110000000000000000
0000000010000000011111110111111101111111011111110000000000000000
0000000010000000011111110111111101111111011111110000000000000000
0000000010000000011111110111111101111111011111110000000000000000
0000000010000000011111110111111101111111011111110000000000000000
0000000010000000011111110111111101111111011111110000000000000000
0000000010000000011111110111111101111111011111110000000000000000
0000000010000000011111110111111101111111011111110000000000000000
0000000010000000011111110111111101111111011111110000000000000000
0000000010000000011111110111111101111111011111110000000000000000
0000000010000000011111110111111101111111011111110000000000000000
0000000010000000011111110111111101111111011111110000000000000000
0000000010000000011111110111111101111111011111110000000000000000
0000000010000000011111110111111101111111011111110000000000000000
0000000010000000011111110111111101111111011111110000000000000000
0000000010000000011111110111111101111111011111110000000000000000
0000000010000000011111110111111101111111011111110000000000000000
0000000010000000011111110111111101111111011111110000000000000000
0000000010000000011111110111111101111111011111110000000000000000
0000000010000000011111110111111101111111011111110000000000000000
0000000010000000011111110111111101111111011111110000000000000000
0000000010000000011111110111111101111111011111110000000000000000
0000000010000000011111110111111101111111011111110000000000000000
0000000010000000011111110111111101111111011111110000000000000000
0000000010000000011111110111111101111111011111110000000000000000
0000000010000000011111110111111101111111011111110000000000000000
0000000010000000011111110111111101111111011111110000000000000000
0000000010000000011111110111111101111111011111110000000000000000
0000000010000000011111110111111101111111011111110000000000000000
0000000010000000011111110111111101111111011111110000000000000000
0000000010000000011111110111111101111111011111110000000000000000
0000000010000000011111110111111101111111011111110000000000000000
0000000010000000011111110111111101111111011111110000000000000000
0000000010000000011111110111111101111111011111110000000000000000
0000000010000000011111110111111101111111011111110000000000000000
0000000010000000011111110111111101111111011111110000000000000000
0000000010000000011111110111111101111111011111110000000000000000
0000000010000000011111110111111101111111011111110000000000000000
0000000010000000011111110111111101111111011111110000000000000000
0000000010000000011111110111111101111111011111110000000000000000
0000000010000000011111110111111101111111011111110000000000000000
0000000010000000011111110111111101111111011111110000000000000000
0000000010000000011111110111111101111111011111110000000000000000
0000000010000000011111110111111101111111011111110000000000000000
0000000010000000011111110111111101111111011111110000000000000000
0000000010000000011111110111111101111111011111110000000000000000
0000000010000000011111110111111101111111011111110000000000000000
0000000010000000011111110111111101111111011111110000000000000000
0000000010000000011111110111111101111111011111110000000000000000
0000000010000000011111110111111101111111011111110000000000000000
0000000010000000011111110111111101111111011111110000000000000000
0000000010000000011111110111111101111111011111110000000000000000
0000000010000000011111110111111101111111011111110000000000000000
0000000010000000011111110111111101111111011111110000000000000000
0000000010000000011111110111111101111111011111110000000000000000
0000000010000000011111110111111101111111011111110000000000000000
0000000010000000011111110111111101111111011111110000000000000000
0000000010000000011111110111111101111111011111110000000000000000
0000000010000000011111110111111101111111011111110000000000000000
0000000010000000011111110111111101111111011111110000000000000000
0000000010000000011111110111111101111111011111110000000000000000
0000000010000000011111110111111101111111011111110000000000000000
0000000010000000011111110111111101111111011111110000000000000000
0000000010000000011111110111111101111111011111110000000000000000
0000000010000000011111110111111101111111011111110000000000000000
0000000010000000011111110111111101111111011111110000000000000000
0000010010000000011111110111111101111111011111110000000000000000
0000010010000000011111110111111101111111011111110000000000000000
0000010010000000011111110111111101111111011111110000000000000000
0000010010000000011111110111111101111111011111110000000000000000
0000010010000000011111110111111101111111011111110000000000000000
0000010010000000011111110111111101111111011111110000000000000000
0000010010000000011111110111111101111111011111110000000000000000
0000010010000000011111110111111101111111011111110000000000000000
0000010010000000011111110111111101111111011111110000000000000000
0000010010000000011111110111111101111111011111110000000000000000
0000010010000000011111110111111101111111011111110000000000000000
0000010010000000011111110111111101111111011111110000000000000000
0000010010000000011111110111111101111111011111110000000000000000
0000010010000000011111110111111101111111011111110000000000000000
0000010010000000011111110111111101111111011111110000000000000000
0000010010000000011111110111111101111111011111110000000000000000
0000010010000000011111110111111101111111011111110000000000000000
0000010010000000011111110111111101111111011111110000000000000000
0000010010000000011111110111111101111111011111110000000000000000
0000010010000000011111110111111101111111011111110000000000000000
0000010010000000011111110111111101111111011111110000000000000000
0000010010000000011111110111111101111111011111110000000000000000
0000010010000000011111110111111101111111011111110000000000000000
0000010010000000011111110111111101111111011111110000000000000000
0000010010000000011111110111111101111111011111110000000000000000
0000010010000000011111110111111101111111011111110000000000000000
0000010010000000011111110111111101111111011111110000000000000000
0000010010000000011111110111111101111111011111110000000000000000
0000010010000000011111110111111101111111011111110000000000000000
0000010010000000011111110111111101111111011111110000000000000000
0000010010000000011111110111111101111111011111110000000000000000
0000010010000000011111110111111101111111011111110000000000000000
0000010010000000011111110111111101111111011111110000000000000000
0000010010000000011111110111111101111111011111110000000000000000
0000010010000000011111110111111101111111011111110000000000000000
0000010010000000011111110111111101111111011111110000000000000000
0000010010000000011111110111111101111111011111110000000000000000
0000010010000000011111110111111101111111011111110000000000000000
0000010010000000011111110111111101111111011111110000000000000000
0000010010000000011111110111111101111111011111110000000000000000
0000010010000000011111110111111101111111011111110000000000000000
0000010010000000011111110111111101111111011111110000000000000000
0000010010000000011111110111111101111111011111110000000000000000
0000010010000000011111110111111101111111011111110000000000000000
0000010010000000011111110111111101111111011111110000000000000000
0000010010000000011111110111111101111111011111110000000000000000
0000010010000000011111110111111101111111011111110000000000000000
0000010010000000011111110111111101111111011111110000000000000000
0000010010000000011111110111111101111111011111110000000000000000
0000010010000000011111110111111101111111011111110000000000000000
0000010010000000011111110111111101111111011111110000000000000000
0000010010000000011111110111111101111111011111110000000000000000
0000010010000000011111110111111101111111011111110000000000000000
0000010010000000011111110111111101111111011111110000000000000000
0000010010000000011111110111111101111111011111110000000000000000
0000010010000000011111110111111101111111011111110000000000000000
0000010010000000011111110111111101111111011111110000000000000000
0000010010000000011111110111111101111111011111110000000000000000
0000010010000000011111110111111101111111011111110000000000000000
0000010010000000011111110111111101111111011111110000000000000000
0000010010000000011111110111111101111111011111110000000000000000
0000010010000000011111110111111101111111011111110000000000000000
0000010010000000011111110111111101111111011111110000000000000000
0000010010000000011111110111111101111111011111110000000000000000
0000010010000000011111110111111101111111011111110000000000000000
0000010010000000011111110111111101111111011111110000000000000000
0000010010000000011111110111111101111111011111110000000000000000
0000010010000000011111110111111101111111011111110000000000000000
0000010010000000011111110111111101111111011111110000000000000000
0000010010000000011111110111111101111111011111110000000000000000
0000010010000000011111110111111101111111011111110000000000000000
0000010010000000011111110111111101111111011111110000000000000000
0000010010000000011111110111111101111111011111110000000000000000
0000010010000000011111110111111101111111011111110000000000000000
0000010010000000011111110111111101111111011111110000000000000000
0000010010000000011111110111111101111111011111110000000000000000
0000010010000000011111110111111101111111011111110000000000000000
0000010010000000011111110111111101111111011111110000000000000000
0000010010000000011111110111111101111111011111110000000000000000
0000010010000000011111110111111101111111011111110000000000000000
0000010010000000011111110111111101111111011111110000000000000000
0000010010000000011111110111111101111111011111110000000000000000
0000010010000000011111110111111101111111011111110000000000000000
0000010010000000011111110111111101111111011111110000000000000000
0000010010000000011111110111111101111111011111110000000000000000
0000010010000000011111110111111101111111011111110000000000000000
0000010010000000011111110111111101111111011111110000000000000000
0000010010000000011111110111111101111111011111110000000000000000
0000010010000000011111110111111101111111011111110000000000000000
0000010010000000011111110111111101111111011111110000000000000000
0000010010000000011111110111111101111111011111110000000000000000
0000010010000000011111110111111101111111011111110000000000000000
0000010010000000011111110111111101111111011111110000000000000000
0000010010000000011111110111111101111111011111110000000000000000
0000010010000000011111110111111101111111011111110000000000000000
0000010010000000011111110111111101111111011111110000000000000000
0000010010000000011111110111111101111111011111110000000000000000
0000010010000000011111110111111101111111011111110000000000000000
00000100