0000000000000000000000
0000000010000000011111110111111110000000100000000000000000000000
0000000010000011111110111111110000000100000000000000000000000
0000000010000000011111110111111110000000100000000000000000000000
000000001000000000000010000000010000000011111110111111110000000100000000000000
0000000010000000011111110111111110000000100000000000000000000000
0000000010000000011111110111111110000000100000000000000000000000
0000000010000000011111110111111110000000100000000000000000000000
0000000010000000011111110111111110000000100000000000000000000000
0000000010000000011111110111111110000000100000000000000000000000
0000000010000000011111110111111110000000100000000000000000000000
0000000010000000011111110111111110000000100000000000000000000000
0000000010000000011111110111111110000000100000000000000000000000
0000000010000000011111110111111110000000100000000000000000000000
0000000010000000011111110111111110000000100000000000000000000000
0000000010000000011111110111111110000000100000000000000000000000
0000000010000000011111110111111110000000100000000000000000000000
0000000010000000011111110111111110000000100000000000000000000000
0000000010000000011111110111111110000000100000000000000000000000
0000000010000000011111110111111110000000100000000000000000000000
0000000010000000011111110111111110000000100000000000000000000000
0000000010000000011111110111111110000000100000000000000000000000
0000000010000000011111110111111110000000100000000000000000000000
0000000010000000011111110111111110000000100000000000000000000000
0000000010000000011111110111111110000000100000000000000000000000
0000000010000000011111110111111110000000100000000000000000000000
0000000010000000011111110111111110000000100000000000000000000000
0000000010000000011111110111111110000000100000000000000000000000
0000000010000000011111110111111110000000100000000000000000000000
0000000010000000011111110111111110000000100000000000000000000000
0000000010000000011111110111111110000000100000000000000000000000
0000000010000000011111110111111110000000100000000000000000000000
0000000010000000011111110111111110000000100000000000000000000000
0000000010000000011111110111111110000000100000000000000000000000
0000000010000000011111110111111110000000100000000000000000000000
0000000010000000011111110111111110000000100000000000000000000000
0000000010000000011111110111111110000000100000000000000000000000
0000000010000000011111110111111110000000100000000000000000000000
0000000010000000011111110111111110000000100000000000000000000000
0000000010000000011111110111111110000000100000000000000000000000
0000000010000000011111110111111110000000100000000000000000000000
0000000010000000011111110111111110000000100000000000000000000000
0000000010000000011111110111111110000000100000000000000000000000
0000000010000000011111110111111110000000100000000000000000000000
0000000010000000011111110111111110000000100000000000000000000000
0000000010000000011111110111111110000000100000000000000000000000
0000000010000000011111110111111110000000100000000000000000000000
0000000010000000011111110111111110000000100000000000000000000000
0000000010000000011111110111111110000000100000000000000000000000
0000000010000000011111110111111110000000100000000000000000000000
0000000010000000011111110111111110000000100000000000000000000000
0000000010000000011111110111111110000000100000000000000000000000
0000000010000000011111110111111110000000100000000000000000000000
0000000010000000011111110111111110000000100000000000000000000000
0000000010000000011111110111111110000000100000000000000000000000
0000000010000000011111110111111110000000100000000000000000000000
0000000010000000011111110111111110000000100000000000000000000000
0000000010000000011111110111111110000000100000000000000000000000
0000000010000000011111110111111110000000100000000000000000000000
0000000010000000011111110111111110000000100000000000000000000000
0000000010000000011111110111111110000000100000000000000000000000
0000000010000000011111110111111110000000100000000000000000000000
0000000010000000011111110111111110000000100000000000000000000000
0000000010000000011111110111111110000000100000000000000000000000
0000000010000000011111110111111110000000100000000000000000000000
0000000010000000011111110111111110000000100000000000000000000000
0000000010000000011111110111111110000000100000000000000000000000
0000000010000000011111110111111110000000100000000000000000000000
0000000010000000011111110111111110000000100000000000000000000000
0000000010000000011111110111111110000000100000000000000000000000
0000000010000000011111110111111110000000100000000000000000000000
0000000010000000011111110111111110000000100000000000000000000000
0000000010000000011111110111111110000000100000000000000000000000
0000000010000000011111110111111110000000100000000000000000000000
0000000010000000011111110111111110000000100000000000000000000000
0000000010000000011111110111111110000000100000000000000000000000
0000000010000000011111110111111110000000100000000000000000000000
0000000010000000011111110111111110000000100000000000000000000000
0000000010000000011111110111111110000000100000000000000000000000
0000000010000000011111110111111110000000100000000000000000000000
0000000010000000011111110111111110000000100000000000000000000000
0000000010000000011111110111111110000000100000000000000000000000
0000000010000000011111110111111110000000100000000000000000000000
0000000010000000011111110111111110000000100000000000000000000000
0000000010000000011111110111111110000000100000000000000000000000
0000000010000000011111110111111110000000100000000000000000000000
0000000010000000011111110111111110000000100000000000000000000000
0000000010000000011111110111111110000000100000000000000000000000
0000000010000000011111110111111110000000100000000000000000000000
0000000010000000011111110111111110000000100000000000000000000000
0000000010000000011111110111111110000000100000000000000000000000
0000000010000000011111110111111110000000100000000000000000000000
0000000010000000011111110111111110000000100000000000000000000000
0000000010000000011111110111111110000000100000000000000000000000
0000000010000000011111110111111110000000100000000000000000000000
0000000010000000011111110111111110000000100000000000000000000000
0000000010000000011111110111111110000000100000000000000000000000
0000000010000000011111110111111110000000100000000000000000000000
0000000010000000011111110111111110000000100000000000000000000000
0000000010000000011111110111111110000000100000000000000000000000
0000000010000000011111110111111110000000100000000000000000000000
0000000010000000011111110111111110000000100000000000000000000000
0000000010000000011111110111111110000000100000000000000000000000
0000000010000000011111110111111110000000100000000000000000000000
0000000010000000011111110111111110000000100000000000000000000000
0000000010000000011111110111111110000000100000000000000000000000
0000000010000000011111110111111110000000100000000000000000000000
0000000010000000011111110111111110000000100000000000000000000000
0000000010000000011111110111111110000000100000000000000000000000
0000000010000000011111110111111110000000100000000000000000000000
0000000010000000011111110111111110000000100000000000000000000000
0000000010000000011111110111111110000000100000000000000000000000
0000000010000000011111110111111110000000011101110000000000000000
0000000010000000011111110111111110000000011000000000000000000000
0000000010000000011111110111111110000000010010000000000000000000
0000000010000000011111110111111110000000001011000000000000000000
0000000010000000011111110111111110000000000100110000000000000000
0000000010000000011111110111111110000000000100000000000000000000
0000000010000000011111110111111110000000000100000000000000000000
0000000010000000011111110111111110000000000100000000000000000000
0000000010000000011111110111111110000000000100000000000000000000
0000000010000000011111110111111110000000000100000000000000000000
0000000010000000011111110111111110000000000100000000000000000000
0000000010000000011111110111111110000000000100000000000000000000
0000000010000000011111110111111110000000000100000000000000000000
0000000010000000011111110111111110000000000100000000000000000000
0000000010000000011111110111111110000000000100000000000000000000
0000000010000000011111110111111110000000000100000000000000000000
0000000010000000011111110111111110000000000100000000000000000000
0000000010000000011111110111111110000000000100000000000000000000
0000000010000000011111110111111110000000000100000000000000000000
0000000010000000011111110111111110000000000100000000000000000000
0000000010000000011111110111111110000000000100000000000000000000
0000000010000000011111110111111110000000000100000000000000000000
0000000010000000011111110111111110000000000100000000000000000000
0000000010000000011111110111111110000000000100000000000000000000
0000000010000000011111110111111110000000000100000000000000000000
0000000010000000011111110111111110000000000100000000000000000000
0000000010000000011111110111111110000000000100000000000000000000
0000000010000000011111110111111110000000000100000000000000000000
0000000010000000011111110111111110000000000100000000000000000000
0000000010000000011111110111111110000000000100000000000000000000
0000000010000000011111110111111110000000000100000000000000000000
0000000010000000011111110111111110000000000100000000000000000000
0000000010000000011111110111111110000000000100000000000000000000
0000000010000000011111110111111110000000000100000000000000000000
0000000010000000011111110111111110000000000100000000000000000000
0000000010000000011111110111111110000000000100000000000000000000
0000000010000000011111110111111110000000000100000000000000000000
0000000010000000011111110111111110000000000100000000000000000000
0000000010000000011111110111111110000000000100000000000000000000
0000000010000000011111110111111110000000000100000000000000000000
0000000010000000011111110111111110000000000100000000000000000000
0000000010000000011111110111111110000000000100000000000000000000
0000000010000000011111110111111110000000000100000000000000000000
0000000010000000011111110111111110000000000100000000000000000000
0000000010000000011111110111111110000000000100000000000000000000
0000000010000000011111110111111110000000000100000000000000000000
0000000010000000011111110111111110000000000100000000000000000000
0000000010000000011111110111111110000000000100000000000000000000
0000000010000000011111110111111110000000000100000000000000000000
0000000010000000011111110111111110000000000100000000000000000000
0000000010000000011111110111111110000000000100000000000000000000
0000000010000000011111110111111110000000000100000000000000000000
0000000010000000011111110111111110000000000100000000000000000000
0000000010000000011111110111111110000000000100000000000000000000
0000000010000000011111110111111110000000000100000000000000000000
0000000010000000011111110111111110000000000100000000000000000000
0000000010000000011111110111111110000000000100000000000000000000
0000000010000000011111110111111110000000000100000000000000000000
0000000010000000011111110111111110000000000100000000000000000000
0000000010000000011111110111111110000000000100000000000000000000
0000000010000000011111110111111110000000000100000000000000000000
0000000010000000011111110111111110000000000100000000000000000000
0000000010000000011111110111111110000000000100000000000000000000
0000000010000000011111110111111110000000000100000000000000000000
0000000010000000011111110111111110000000000100000000000000000000
0000000010000000011111110111111110000000000100000000000000000000
0000000010000000011111110111111110000000000100000000000000000000
0000000010000000011111110111111110000000000100000000000000000000
0000000010000000011111110111111110000000000100000000000000000000
0000000010000000011111110111111110000000000100000000000000000000
0000000010000000011111110111111110000000000100000000000000000000
0000000010000000011111110111111110000000000100000000000000000000
0000000010000000011111110111111110000000000100000000000000000000
0000000010000000011111110111111110000000000100000000000000000000
0000000010000000011111110111111110000000000100000000000000000000
0000000010000000011111110111111110000000000100000000000000000000
0000000010000000011111110111111110000000000100000000000000000000
0000000010000000011111110111111110000000000100000000000000000000
0000000010000000011111110111111110000000000100000000000000000000
0000000010000000011111110111111110000000000100000000000000000000
0000000010000000011111110111111110000000000100000000000000000000
0000000010000000011111110111111110000000000100000000000000000000
0000000010000000011111110111111110000000000100000000000000000000
0000000010000000011111110111111110000000000100000000000000000000
0000000010000000011111110111111110000000000100000000000000000000
0000000010000000011111110111111110000000000100000000000000000000
0000000010000000011111110111111110000000000100000000000000000000
0000000010000000011111110111111110000000000100000000000000000000
0000000010000000011111110111111110000000000100000000000000000000
0000000010000000011111110111111110000000000100000000000000000000
0000000010000000011111110111111110000000000100000000000000000000
0000000010000000011111110111111110000000000100000000000000000000
0000000010000000011111110111111110000000000100000000000000000000
0000000010000000011111110111111110000000000100000000000000000000
0000000010000000011111110111111110000000000100000000000000000000
0000000010000000011111110111111110000000000100000000000000000000
0000000010000000011111110111111110000000000100000000000000000000
0000000010000000011111110111111110000000000100000000000000000000
0000000010000000011111110111111110000000000100000000000000000000
0000000010000000011111110111111110000000000100000000000000000000
0000000010000000011111110111111110000000000100000000000000000000
0000000010000000011111110111111110000000000100000000000000000000
0000000010000000011111110111111110000000000100000000000000000000
0000000010000000011111110111111110000000000100000000000000000000
0000000010000000011111110111111110000000000100000000000000000000
0000000010000000011111110111111110000000000100000000000000000000
0000000010000000011111110111111110000000000100000000000000000000
0000000010000000011111110111111110000000000100000000000000000000
0000000010000000011111110111111110000000000100000000000000000000
0000000010000000011111110111111110000000000100000000000000000000
0000000010000000011111110111111110000000000100000000000000000000
0000000010000000011111110111111110000000000100000000000000000000
0000000010000000011111110111111110000000000100000000000000000000
0000000010000000011111110111111110000000000100000000000000000000
0000000010000000011111110111111110000000000100000000000000000000
0000000010000000011111110111111110000000000100000000000000000000
0000000010000000011111110111111110000000000100000000000000000000
0000000010000000011111110111111110000000000100000000000000000000
0000000010000000011111110111111110000000000100000000000000000000
0000000010000000011111110111111110000000000100000000000000000000
0000000010000000011111110111111110000000000100000000000000000000
0000000010000000011111110111111110000000000100000000000000000000
0000000010000000011111110111111110000000000100000000000000000000
0000000010000000011111110111111110000000000100000000000000000000
0000000010000000011111110111111110000000000100000000000000000000
0000000010000000011111110111111110000000000100000000000000000000
0000000010000000011111110111111110000000000100000000000000000000
0000000010000000011111110111111110000000000100000000000000000000
0000000010000000011111110111111110000000000100000000000000000000
0000000010000000011111110111111110000000000100000000000000000000
0000000010000000011111110111111110000000000100000000000000000000
0000000010000000011111110111111110000000000100000000000000000000
0000000010000000011111110111111110000000000100000000000000000000
0000000010000000011111110111111110000000000100000000000000000000
0000000010000000011111110111111110000000000100000000000000000000
0000000010000000011111110111111110000000000100000000000000000000
0000000010000000011111110111111110000000000100000000000000000000
0000000010000000011111110111111110000000000100000000000000000000
0000000010000000011111110111111110000000000100000000000000000000
0000000010000000011111110111111110000000000100000000000000000000
0000000010000000011111110111111110000000000100000000000000000000
0000000010000000011111110111111110000000000100000000000000000000
0000000010000000011111110111111110000000000100000000000000000000
0000000010000000011111110111111110000000000100000000000000000000
0000000010000000011111110111111110000000000100000000000000000000
0000000010000000011111110111111110000000000100000000000000000000
0000000010000000011111110111111110000000000100000000000000000000
0000000010000000011111110111111110000000000100000000000000000000
0000000010000000011111110111111110000000000100000000000000000000
0000000010000000011111110111111110000000000100000000000000000000
0000000010000000011111110111111110000000000100000000000000000000
0000000010000000011111110111111110000000000100000000000000000000
0000000010000000011111110111111110000000000100000000000000000000
0000000010000000011111110111111110000000000100000000000000000000
0000000010000000011111110111111110000000000100000000000000000000
0000000010000000011111110111111110000000000100000000000000000000
0000000010000000011111110111111110000000000100000000000000000000
0000000010000000011111110111111110000000000100000000000000000000
0000000010000000011111110111111110000000000100000000000000000000
0000000010000000011111110111111110000000000100000000000000000000
0000000010000000011111110111111110000000000100000000000000000000
0000000010000000011111110111111110000000000100000000000000000000
0000000010000000011111110111111110000000000100000000000000000000
0000000010000000011111110111111110000000000100000000000000000000
0000000010000000011111110111111110000000000100000000000000000000
0000000010000000011111110111111110000000000100000000000000000000
0000000010000000011111110111111110000000000100000000000000000000
0000000010000000011111110111111110000000000100000000000000000000
0000000010000000011111110111111110000000000100000000000000000000
0000000010000000011111110111111110000000000100000000000000000000
0000000010000000011111110111111110000000000100000000000000000000
0000000010000000011111110111111110000000000100000000000000000000
0000000010000000011111110111111110000000000100000000000000000000
0000000010000000011111110111111110000000000100000000000000000000
000000001000000001111111011111111000000000010000000000000000000