11110000000100000000000000000000 
0000000010000000011111110111111110000000100000000000000000000000 
0000000010000000011111110111111110000000100000000000000000000000000010000000011111110111111110000000100000000000000000000000 
0000000010000000011111110111111110000000100000000000000000000000 
0000000010000000011111110111111110000000100000000000000000000000 
0000000010000000011111110111111110000000100000000000000000000000 
0000000010000000011111110111111110000000100000000000000000000000 
0000000010000000011111110111111110000000100000000000000000000000 
0000000010000000011111110111111110000000100000000000000000000000 
0000000010000000011111110111111110000000100000000000000000000000 
0000000010000000011111110111111110000000100000000000000000000000 
0000000010000000011111110111111110000000100000000000000000000000 
0000000010000000011111110111111110000000100000000000000000000000 
0000000010000000011111110111111110000000100000000000000000000000 
0000000010000000011111110111111110000000100000000000000000000000 
0000000010000000011111110111111110000000100000000000000000000000 
0000000010000000011111110111111110000000100000000000000000000000 
0000000010000000011111110111111110000000100000000000000000000000 
0000000010000000011111110111111110000000100000000000000000000000 
0000000010000000011111110111111110000000100000000000000000000000 
0000000010000000011111110111111110000000100000000000000000000000 
0000000010000000011111110111111110000000100000000000000000000000 
0000000010000000011111110111111110000000100000000000000000000000 
0000000010000000011111110111111110000000100000000000000000000000 
0000000010000000011111110111111110000000100000000000000000000000 
0000000010000000011111110111111110000000100000000000000000000000 
0000000010000000011111110111111110000000100000000000000000000000 
0000000010000000011111110111111110000000100000000000000000000000 
0000000010000000011111110111111110000000100000000000000000000000 
0000000010000000011111110111111110000000100000000000000000000000 
0000000010000000011111110111111110000000100000000000000000000000 
0000000010000000011111110111111110000000100000000000000000000000 
0000000010000000011111110111111110000000100000000000000000000000 
0000000010000000011111110111111110000000100000000000000000000000 
0000000010000000011111110111111110000000100000000000000000000000 
0000000010000000011111110111111110000000100000000000000000000000 
0000000010000000011111110111111110000000100000000000000000000000 
0000000010000000011111110111111110000000100000000000000000000000 
0000000010000000011111110111111110000000100000000000000000000000 
0000000010000000011111110111111110000000100000000000000000000000 
0000000010000000011111110111111110000000100000000000000000000000 
0000000010000000011111110111111110000000100000000000000000000000 
0000000010000000011111110111111110000000100000000000000000000000 
0000000010000000011111110111111110000000100000000000000000000000 
0000000010000000011111110111111110000000100000000000000000000000 
0000000010000000011111110111111110000000100000000000000000000000 
0000000010000000011111110111111110000000100000000000000000000000 
0000000010000000011111110111111110000000100000000000000000000000 
0000000010000000011111110111111110000000100000000000000000000000 
0000000010000000011111110111111110000000100000000000000000000000 
0000000010000000011111110111111110000000100000000000000000000000 
0000000010000000011111110111111110000000100000000000000000000000 
0000000010000000011111110111111110000000100000000000000000000000 
0000000010000000011111110111111110000000100000000000000000000000 
0000000010000000011111110111111110000000100000000000000000000000 
0000000010000000011111110111111110000000100000000000000000000000 
0000000010000000011111110111111110000000100000000000000000000000 
0000000010000000011111110111111110000000100000000000000000000000 
0000000010000000011111110111111110000000100000000000000000000000 
0000000010000000011111110111111110000000100000000000000000000000 
0000000010000000011111110111111110000000100000000000000000000000 
0000000010000000011111110111111110000000100000000000000000000000 
0000000010000000011111110111111110000000100000000000000000000000 
0000000010000000011111110111111110000000100000000000000000000000 
000000001000000001111111011111111000000010000000000000000000000010000000011111110111111110000000100000000000000000000000 
00000010000000011111110111111110000000100000000000000000000000 
0000000010000000011111110111111110000000100000000000000000000000 
00000010000000011111110111111110000000100000000000000000000000 
0000000010000000011111110111111110000000100000000000000000000000 
00000000000000011111110111111110000000100000000000000000000000 
0000000010000000011111110111111110000000100000000000000000000000 
0000000010000000011111110111111110000000100000000000000000000000 
0000000010000000011111110111111110000000100000000000000000000000 
0000000010000000011111110111111110000000100000000000000000000000 
0000000010000000011111110111111110000000100000000000000000000000 
0000000010000000011111110111111110000000100000000000000000000000 
0000000010000000011111110111111110000000100000000000000000000000 
0000000010000000011111110111111110000000100000000000000000000000 
0000000010000000011111110111111110000000100000000000000000000000 
0000000010000000011111110111111110000000100000000000000000000000 
0000000010000000011111110111111110000000100000000000000000000000 
0000000010000000011111110111111110000000100000000000000000000000 
0000000010000000011111110111111110000000100000000000000000000000 
0000000010000000011111110111111110000000100000000000000000000000 
0000000010000000011111110111111110000000100000000000000000000000 
0000000010000000011111110111111110000000100000000000000000000000 
0000000010000000011111110111111110000000100000000000000000000000 
0000000010000000011111110111111110000000100000000000000000000000 
0000000010000000011111110111111110000000100000000000000000000000 
0000000010000000011111110111111110000000100000000000000000000000 
0000000010000000011111110111111110000000100000000000000000000000 
0000000010000000011111110111111110000000100000000000000000000000 
0000000010000000011111110111111110000000100000000000000000000000 
0000000010000000011111110111111110000000100000000000000000000000 
0000000010000000011111110111111110000000100000000000000000000000 
0000000010000000011111110111111110000000100000000000000000000000 
0000000010000000011111110111111110000000100000000000000000000000 
0000000010000000011111110111111110000000100000000000000000000000 
0000000010000000011111110111111110000000100000000000000000000000 
0000000010000000011111110111111110000000100000000000000000000000 
0000000010000000011111110111111110000000100000000000000000000000 
0000000010000000011111110111111110000000100000000000000000000000 
0000000010000000011111110111111110000000100000000000000000000000 
0000000010000000011111110111111110000000100000000000000000000000 
0000000010000000011111110111111110000000100000000000000000000000 
0000000010000000011111110111111110000000100000000000000000000000 
0000000010000000011111110111111110000000100000000000000000000000 
0000000010000000011111110111111110000000100000000000000000000000 
0000000010000000011111110111111110000000100000000000000000000000 
0000000010000000011111110111111110000000100000000000000000000000 
0000000010000000011111110111111110000000100000000000000000000000 
0000000010000000011111110111111110000000100000000000000000000000 
0000000010000000011111110111111110000000100000000000000000000000 
0000000010000000011111110111111110000000100000000000000000000000 
0000000010000000011111110111111110000000100000000000000000000000 
0000000010000000011111110111111110000000100000000000000000000000 
0000000010000000011111110111111110000000100000000000000000000000 
0000000010000000011111110111111110000000100000000000000000000000 
0000000010000000011111110111111110000000100000000000000000000000 
0000000010000000011111110111111110000000100000000000000000000000 
0000000010000000011111110111111110000000100000000000000000000000 
0000000010000000011111110111111110000000100000000000000000000000 
0000000010000000011111110111111110000000100000000000000000000000 
0000000010000000011111110111111110000000100000000000000000000000 
0000000010000000011111110111111110000000100000000000000000000000 
0000000010000000011111110111111110000000100000000000000000000000 
0000000010000000011111110111111110000000100000000000000000000000 
0000000010000000011111110111111110000000100000000000000000000000 
0000000010000000011111110111111110000000100000000000000000000000 
0000000010000000011111110111111110000000100000000000000000000000 
0000000010000000011111110111111110000000100000000000000000000000 
0000000010000000011111110111111110000000100000000000000000000000 
0000000010000000011111110111111110000000100000000000000000000000 
0000000010000000011111110111111110000000100000000000000000000000 
0000000010000000011111110111111110000000100000000000000000000000 
0000000010000000011111110111111110000000100000000000000000000000 
0000000010000000011111110111111110000000100000000000000000000000 
0000000010000000011111110111111110000000100000000000000000000000 
0000000010000000011111110111111110000000100000000000000000000000 
0000000010000000011111110111111110000000100000000000000000000000 
0000000010000000011111110111111110000000100000000000000000000000 
0000000010000000011111110111111110000000100000000000000000000000 
0000000010000000011111110111111110000000100000000000000000000000 
0000000010000000011111110111111110000000100000000000000000000000 
0000000010000000011111110111111110000000100000000000000000000000 
0000000010000000011111110111111110000000100000000000000000000000 
0000000010000000011111110111111110000000100000000000000000000000 
0000000010000000011111110111111110000000100000000000000000000000 
0000000010000000011111110111111110000000100000000000000000000000 
0000000010000000011111110111111110000000100000000000000000000000 
0000000010000000011111110111111110000000100000000000000000000000 
0000000010000000011111110111111110000000100000000000000000000000 
0000000010000000011111110111111110000000100000000000000000000000 
0000000010000000011111110111111110000000100000000000000000000000 
0000000010000000011111110111111110000000100000000000000000000000 
0000000010000000011111110111111110000000100000000000000000000000 
0000000010000000011111110111111110000000100000000000000000000000 
0000000010000000011111110111111110000000100000000000000000000000 
0000000010000000011111110111111110000000100000000000000000000000 
0000000010000000011111110111111110000000100000000000000000000000 
0000000010000000011111110111111110000000100000000000000000000000 
0000000010000000011111110111111110000000100000000000000000000000 
0000000010000000011111110111111110000000100000000000000000000000 
0000000010000000011111110111111110000000100000000000000000000000 
0000000010000000011111110111111110000000100000000000000000000000 
0000000010000000011111110111111110000000100000000000000000000000 
0000000010000000011111110111111110000000100000000000000000000000 
0000000010000000011111110111111110000000100000000000000000000000 
0000000010000000011111110111111110000000100000000000000000000000 
0000000010000000011111110111111110000000100000000000000000000000 
0000000010000000011111110111111110000000100000000000000000000000 
0000000010000000011111110111111110000000100000000000000000000000 
0000000010000000011111110111111110000000100000000000000000000000 
0000000010000000011111110111111110000000100000000000000000000000 
0000000010000000011111110111111110000000100000000000000000000000 
0000000010000000011111110111111110000000100000000000000000000000 
0000000010000000011111110111111110000000100000000000000000000000 
0000000010000000011111110111111110000000100000000000000000000000 
0000000010000000011111110111111110000000100000000000000000000000 
0000000010000000011111110111111110000000100000000000000000000000 
0000000010000000011111110111111110000000100000000000000000000000 
0000000010000000011111110111111110000000100000000000000000000000 
0000000010000000011111110111111110000000100000000000000000000000 
0000000010000000011111110111111110000000100000000000000000000000 
0000000010000000011111110111111110000000100000000000000000000000 
0000000010000000011111110111111110000000100000000000000000000000 
0000000010000000011111110111111110000000100000000000000000000000 
0000000010000000011111110111111110000000100000000000000000000000 
0000000010000000011111110111111110000000100000000000000000000000 
0000000010000000011111110111111110000000100000000000000000000000 
0000000010000000011111110111111110000000100000000000000000000000 
0000000010000000011111110111111110000000100000000000000000000000 
0000000010000000011111110111111110000000100000000000000000000000 
0000000010000000011111110111111110000000100000000000000000000000 
0000000010000000011111110111111110000000100000000000000000000000 
0000000010000000011111110111111110000000100000000000000000000000 
0000000010000000011111110111111110000000100000000000000000000000 
0000000010000000011111110111111110000000100000000000000000000000 
0000000010000000011111110111111110000000100000000000000000000000 
0000000010000000011111110111111110000000100000000000000000000000 
0000000010000000011111110111111110000000100000000000000000000000 
0000000010000000011111110111111110000000100000000000000000000000 
0000000010000000011111110111111110000000100000000000000000000000 
0000000010000000011111110111111110000000100000000000000000000000 
0000000010000000011111110111111110000000100000000000000000000000 
0000000010000000011111110111111110000000100000000000000000000000 
0000000010000000011111110111111110000000100000000000000000000000 
0000000010000000011111110111111110000000100000000000000000000000 
0000000010000000011111110111111110000000100000000000000000000000 
0000000010000000011111110111111110000000100000000000000000000000 
0000000010000000011111110111111110000000100000000000000000000000 
0000000010000000011111110111111110000000100000000000000000000000 
0000000010000000011111110111111110000000100000000000000000000000 
0000000010000000011111110111111110000000100000000000000000000000 
0000000010000000011111110111111110000000100000000000000000000000 
0000000010000000011111110111111110000000100000000000000000000000 
0000000010000000011111110111111110000000100000000000000000000000 
0000000010000000011111110111111110000000100000000000000000000000 
0000000010000000011111110111111110000000100000000000000000000000 
0000000010000000011111110111111110000000100000000000000000000000 
0000000010000000011111110111111110000000100000000000000000000000 
0000000010000000011111110111111110000000100000000000000000000000 
0000000010000000011111110111111110000000100000000000000000000000 
0000000010000000011111110111111110000000100000000000000000000000 
0000000010000000011111110111111110000000100000000000000000000000 
0000000010000000011111110111111110000000100000000000000000000000 
0000000010000000011111110111111110000000100000000000000000000000 
0000000010000000011111110111111110000000100000000000000000000000 
0000000010000000011111110111111110000000100000000000000000000000 
0000000010000000011111110111111110000000100000000000000000000000 
0000000010000000011111110111111110000000100000000000000000000000 
0000000010000000011111110111111110000000100000000000000000000000 
0000000010000000011111110111111110000000100000000000000000000000 
0000000010000000011111110111111110000000100000000000000000000000 
0000000010000000011111110111111110000000100000000000000000000000 
0000000010000000011111110111111110000000100000000000000000000000 
0000000010000000011111110111111110000000100000000000000000000000 
0000000010000000011111110111111110000000100000000000000000000000 
0000000010000000011111110111111110000000100000000000000000000000 
0000000010000000011111110111111110000000100000000000000000000000 
0000000010000000011111110111111110000000100000000000000000000000 
0000000010000000011111110111111110000000100000000000000000000000 
0000000010000000011111110111111110000000100000000000000000000000 
0000000010000000011111110111111110000000100000000000000000000000 
0000000010000000011111110111111110000000100000000000000000000000 
0000000010000000011111110111111110000000100000000000000000000000 
0000000010000000011111110111111110000000100000000000000000000000 
0000000010000000011111110111111110000000100000000000000000000000 
0000000010000000011111110111111110000000100000000000000000000000 
0000000010000000011111110111111110000000100000000000000000000000 
0000000010000000011111110111111110000000100000000000000000000000 
0000000010000000011111110111111110000000100000000000000000000000 
0000000010000000011111110111111110000000100000000000000000000000 
0000000010000000011111110111111110000000100000000000000000000000 
0000000010000000011111110111111110000000100000000000000000000000 
0000000010000000011111110111111110000000100000000000000000000000 
0000000010000000011111110111111110000000100000000000000000000000 
0000000010000000011111110111111110000000100000000000000000000000 
0000000010000000011111110111111110000000100000000000000000000000 
0000000010000000011111110111111110000000100000000000000000000000 
0000000010000000011111110111111110000000100000000000000000000000 
0000000010000000011111110111111110000000100000000000000000000000 
0000000010000000011111110111111110000000100000000000000000000000 
0000000010000000011111110111111110000000100000000000000000000000 
0000000010000000011111110111111110000000100000000000000000000000 
0000000010000000011111110111111110000000100000000000000000000000 
0000000010000000011111110111111110000000100000000000000000000000 
0000000010000000011111110111111110000000100000000000000000000000 
0000000010000000011111110111111110000000100000000000000000000000 
0000000010000000011111110111111110000000100000000000000000000000 
0000000010000000011111110111111110000000100000000000000000000000 
0000000010000000011111110111111110000000100000000000000000000000 
0000000010000000011111110111111110000000100000000000000000000000 
0000000010000000011111110111111110000000100000000000000000000000 
0000000010000000011111110111111110000000100000000000000000000000 
0000000010000000011111110111111110000000100000000000000000000000 
0000000010000000011111110111111110000000100000000000000000000000 
0000000010000000011111110111111110000000100000000000000000000000 
0000000010000000011111110111111110000000100000000000000000000000 
0000000010000000011111110111111110000000100000000000000000000000 
0000000010000000011111110111111110000000100000000000000000000000 
0000000010000000011111110111111110000000100000000000000000000000 
0000000010000000011111110111111110000000100000000000000000000000 
0000000010000000011111110111111110000000100000000000000000000000 
0000000010000000011111110111111110000000100000000000000000000000 
0000000010000000011111110111111110000000100000000000000000000000 
0000000010000000011111110111111110000000100000000000000000000000 
0000000010000000011111110111111110000000100000000000000000000000 
0000000010000000011111110111111110000000100000000000000000000000 
0000000010000000011111110111111110000000100000000000000000000000 
0000000010000000011111110111111110000000100000000000000000000000 
0000000010000000011111110111111110000000100000000000000000000000 
0000000010000000011111110111111110000000100000000000000000000000 
0000000010000000011111110111111110000000100000000000000000000000 
0000000010000000011111111000001110000000100000000000000000000000 
0000000010000000011111111000010110000000100000000000000000000000 
0000000010000000011111111000011110000000100000000000000000000000 
0000000010000000011111111000100010000000100000000000000000000000 
0000000010000000011111111000100110000000100000000000000000000000 
0000000010000000011111111000101010000000100000000000000000000000 
0000000010000000011111111000101010000000100000000000000000000000 
0000000010000000011111111000101010000000100000000000000000000000 
0000000010000000011111111000101010000000100000000000000000000000 
0000000010000000011111111000101010000000100000000000000000000000 
0000000010000000011111111000101010000000100000000000000000000000 
0000000010000000011111111000101010000000100000000000000000000000 
0000000010000000011111111000101010000000100000000000000000000000 
0000000010000000011111111000101010000000100000000000000000000000 
0000000010000000011111111000101010000000100000000000000000000000 
0000000010000000011111111000101010000000100000000000000000000000 
0000000010000000011111111000101010000000100000000000000000000000 
0000000010000000011111111000101010000000100000000000000000000000 
0000000010000000011111111000101010000000100000000000000000000000 
0000000010000000011111111000101010000000100000000000000000000000 
0000000010000000011111111000101010000000100000000000000000000000 
0000000010000000011111111000101010000000100000000000000000000000 
0000000010000000011111111000101010000000100000000000000000000000 
0000000010000000011111111000101010000000100000000000000000000000 
0000000010000000011111111000101010000000100000000000000000000000 
0000000010000000011111111000101010000000100000000000000000000000 
0000000010000000011111111000101010000000100000000000000000000000 
0000000010000000011111111000101010000000100000000000000000000000 
0000000010000000011111111000101010000000100000000000000000000000 
0000000010000000011111111000101010000000100000000000000000000000 
0000000010000000011111111000101010000000100000000000000000000000 
0000000010000000011111111000101010000000100000000000000000000000 
0000000010000000011111111000101010000000100000000000000000000000 
0000000010000000011111111000101010000000100000000000000000000000 
0000000010000000011111111000101010000000100000000000000000000000 
0000000010000000011111111000101010000000100000000000000000000000 
0000000010000000011111111000101010000000100000000000000000000000 
0000000010000000011111111000101010000000100000000000000000000000 
0000000010000000011111111000101010000000100000000000000000000000 
0000000010000000011111111000110110000000100000000000000000000000 
0000000010000000011111111001000110000000100000000000000000000000 
0000000010000000011111111001001010000000100000000000000000000000 
0000000010000000011111111001010010000000100000000000000000000000 
0000000010000000011111111001010110000000100000000000000000000000 
0000000010000000011111111001011110000000100000000000000000000000 
0000000010000000011111111001011110000000100000000000000000000000 
0000000010000000011111111001011110000000100000000000000000000000 
0000000010000000011111111001100010000000100000000000000000000000 
0000000010000000011111111001100010000000100000000000000000000000 
0000000010000000011111111001100010000000100000000000000000000000 
0000000010000000011111111001100010000000100000000000000000000000 
0000000010000000011111111001100010000000100000000000000000000000 
0000000010000000011111111001100010000000100000000000000000000000 
0000000010000000011111111001100010000000100000000000000000000000 
0000000010000000011111111001100010000000100000000000000000000000 
0000000010000000011111111001100010000000100000000000000000000000 
0000000010000000011111111001100010000000100000000000000000000000 
0000000010000000011111111001100010000000100000000000000000000000 
0000000010000000011111111001100010000000100000000000000000000000 
0000000010000000011111111001100010000000100000000000000000000000 
0000000010000000011111111001100010000000100000000000000000000000 
0000000010000000011111111001100010000000100000000000000000000000 
0000000010000000011111111001100010000000100000000000000000000000 
0000000010000000011111111001100010000000100000000000000000000000 
0000000010000000011111111001100010000000100000000000000000000000 
0000000010000000011111111001100010000000100000000000000000000000 
0000000010000000011111111001100010000000100000000000000000000000 
0000000010000000011111111001100010000000100000000000000000000000 
0000000010000000011111111001100010000000100000000000000000000000 
0000000010000000011111111001100010000000100000000000000000000000 
0000000010000000011111111001100010000000100000000000000000000000 
0000000010000000011111111001100010000000100000000000000000000000 
0000000010000000011111111001100010000000100000000000000000000000 
0000000010000000011111111001100010000000100000000000000000000000 
0000000010000000011111111001100010000000100000000000000000000000 
0000000010000000011111111001100010000000100000000000000000000000 
0000000010000000011111111001100010000000100000000000000000000000 
0000000010000000011111111001100010000000100000000000000000000000 
0000000010000000011111111001100110000000100000000000000000000000 
0000000010000000011111111001101010000000100000000000000000000000 
0000000010000000011111111001101110000000100000000000000000000000 
0000000010000000011111111001110010000000100000000000000000000000 
0000000010000000011111111001110010000000100000000000000000000000 
0000000010000000011111111001110010000000100000000000000000000000 
0000000010000000011111111001110010000000100000000000000000000000 
0000000010000000011111111001110010000000100000000000000000000000 
0000000010000000011111111001110010000000100000000000000000000000 
0000000010000000011111111001110010000000100000000000000000000000 
0000000010000000011111111001110010000000100000000000000000000000 
0000000010000000011111111001110010000000100000000000000000000000 
0000000010000000011111111001110010000000100000000000000000000000 
0000000010000000011111111001110010000000100000000000000000000000 
0000000010000000011111111001110010000000100000000000000000000000 
0000000010000000011111111001110010000000100000000000000000000000 
0000000010000000011111111001110010000000100000000000000000000000 
0000000010000000011111111001110010000000100000000000000000000000 
0000000010000000011111111001110010000000100000000000000000000000 
0000000010000000011111111001110010000000100000000000000000000000 
0000000010000000011111111001110010000000100000000000000000000000 
0000000010000000011111111001110010000000100000000000000000000000 
0000000010000000011111111001110010000000100000000000000000000000 
0000000010000000011111111001110010000000100000000000000000000000 
0000000010000000011111111001110010000000100000000000000000000000 
0000000010000000011111111001110010000000100000000000000000000000 
0000000010000000011111111001110010000000100000000000000000000000 
0000000010000000011111111001110010000000100000000000000000000000 
0000000010000000011111111001110010000000100000000000000000000000 
0000000010000000011111111001110110000000100000000000000000000000 
0000000010000000011111111001110110000000100000000000000000000000 
0000000010000000011111111001110110000000100000000000000000000000 
0000000010000000011111111001110110000000100000000000000000000000 
0000000010000000011111111001111010000000100000000000000000000000 
0000000010000000011111111001111110000000100000000000000000000000 
0000000010000000011111111010000010000000100000000000000000000000 
0000000010000000011111111010001010000000100000000000000000000000 
0000000010000000011111111010010110000000100000000000000000000000 
0000000010000000011111111010011110000000100000000000000000000000 
0000000010000000011111111010100010000000100000000000000000000000 
0000000010000000011111111010100110000000100000000000000000000000 
0000000010000000011111111010101010000000100000000000000000000000 
0000000010000000011111111010101110000000100000000000000000000000 
0000000010000000011111111010110010000000100000000000000000000000 
0000000010000000011111111010110110000000100000000000000000000000 
0000000010000000011111111010110110000000100000000000000000000000 
0000000010000000011111111010111010000000100000000000000000000000 
0000000010000000011111111010111110000000100000000000000000000000 
0000000010000000011111111010111110000000100000000000000000000000 
0000000010000000011111111011000010000000100000000000000000000000 
0000000010000000011111111011000010000000100000000000000000000000 
0000000010000000011111111011000010000000100000000000000000000000 
0000000010000000011111111011000010000000100000000000000000000000 
0000000010000000011111111011000010000000100000000000000000000000 
0000000010000000011111111011000010000000100000000000000000000000 
0000000010000000011111111011000010000000100000000000000000000000 
0000000010000000011111111011000010000000100000000000000000000000 
0000000010000000011111111011000010000000100000000000000000000000 
0000000010000000011111111011000010000000100000000000000000000000 
0000000010000000011111111011000010000000100000000000000000000000 
0000000010000000011111111011000010000000100000000000000000000000 
0000000010000000011111111011000010000000100000000000000000000000 
0000000010000000011111111011000010000000100000000000000000000000 
0000000010000000011111111011000010000000100000000000000000000000 
0000000010000000011111111011000010000000100000000000000000000000 
0000000010000000011111111011000010000000100000000000000000000000 
0000000010000000011111111011000010000000100000000000000000000000 
0000000010000000011111111011000010000000100000000000000000000000 
0000000010000000011111111011000010000000100000000000000000000000 
0000000010000000011111111011000010000000100000000000000000000000 
0000000010000000011111111011000010000000100000000000000000000000 
0000000010000000011111111011000010000000100000000000000000000000 
0000000010000000011111111011000010000000100000000000000000000000 
0000000010000000011111111011000010000000100000000000000000000000 
0000000010000000011111111011000010000000100000000000000000000000 
0000000010000000011111111011000010000000100000000000000000000000 
0000000010000000011111111011000010000000100000000000000000000000 
0000000010000000011111111011000010000000100000000000000000000000 
0000000010000000011111111011000010000000100000000000000000000000 
0000000010000000011111111011000010000000100000000000000000000000 
0000000010000000011111111011001010000000100000000000000000000000 
0000000010000000011111111011001110000000100000000000000000000000 
0000000010000000011111111011001110000000100000000000000000000000 
0000000010000000011111111011001110000000100000000000000000000000 
0000000010000000011111111011001110000000100000000000000000000000 
0000000010000000011111111011001110000000100000000000000000000000 
0000000010000000011111111011001110000000100000000000000000000000 
0000000010000000011111111011001110000000100000000000000000000000 
0000000010000000011111111011010010000000100000000000000000000000 
0000000010000000011111111011010010000000100000000000000000000000 
0000000010000000011111111011010010000000100000000000000000000000 
0000000010000000011111111011010010000000100000000000000000000000 
0000000010000000011111111011010010000000100000000000000000000000 
0000000010000000011111111011010010000000100000000000000000000000 
0000000010000000011111111011010010000000100000000000000000000000 
0000000010000000011111111011010010000000100000000000000000000000 
0000000010000000011111111011010010000000100000000000000000000000 
0000000010000000011111111011010010000000100000000000000000000000 
0000000010000000011111111011010010000000100000000000000000000000 
0000000010000000011111111011010010000000100000000000000000000000 
0000000010000000011111111011010010000000100000000000000000000000 
0000000010000000011111111011010010000000100000000000000000000000 
0000000010000000011111111011010010000000100000000000000000000000 
0000000010000000011111111011010010000000100000000000000000000000 
0000000010000000011111111011010010000000100000000000000000000000 
0000000010000000011111111011010010000000100000000000000000000000 
0000000010000000011111111011010010000000100000000000000000000000 
0000000010000000011111111011010010000000100000000000000000000000 
0000000010000000011111111011010010000000100000000000000000000000 
0000000010000000011111111011011010000000100000000000000000000000 
0000000010000000011111111011011110000000100000000000000000000000 
0000000010000000011111111011100010000000100000000000000000000000 
0000000010000000011111111011100110000000100000000000000000000000 
0000000010000000011111111011101010000000100000000000000000000000 
0000000010000000011111111011101010000000100000000000000000000000 
0000000010000000011111111011101110000000100000000000000000000000 
0000000010000000011111111011110010000000100000000000000000000000 
0000000010000000011111111011110110000000100000000000000000000000 
0000000010000000011111111011111010000000100000000000000000000000 
0000000010000000011111111011111010000000100000000000000000000000 
0000000010000000011111111011111010000000100000000000000000000000 
0000000010000000011111111011111010000000100000000000000000000000 
0000000010000000011111111011111010000000100000000000000000000000 
0000000010000000011111111011111010000000100000000000000000000000 
0000000010000000011111111011111010000000100000000000000000000000 
0000000010000000011111111011111010000000100000000000000000000000 
0000000010000000011111111011111110000000100000000000000000000000 
0000000010000000011111111011111110000000100000000000000000000000 
0000000010000000011111111011111110000000100000000000000000000000 
0000000010000000011111111011111110000000100000000000000000000000 
0000000010000000011111111011111110000000100000000000000000000000 
0000000010000000011111111011111110000000100000000000000000000000 
0000000010000000011111111011111110000000100000000000000000000000 
0000000010000000011111111011111110000000100000000000000000000000 
0000000010000000011111111011111110000000100000000000000000000000 
0000000010000000011111111011111110000000100000000000000000000000 
0000000010000000011111111011111110000000100000000000000000000000 
0000000010000000011111111011111110000000100000000000000000000000 
0000000010000000011111111011111110000000100000000000000000000000 
0000000010000000011111111011111110000000100000000000000000000000 
0000000010000000011111111011111110000000100000000000000000000000 
0000000010000000011111111100000010000000100000000000000000000000 
0000000010000000011111111100000010000000100000000000000000000000 
0000000010000000011111111100010010000000100000000000000000000000 
0000000010000000011111111101011010000000100000000000000000000000 
0000000010000000011111111101100010000000100000000000000000000000 
0000000010000000011111111101100010000000100000000000000000000000 
0000000010000000011111111101100010000000100000000000000000000000 
0000000010000000011111111110010010000000100000000000000000000000 
0000000010000000011111111110100010000000100000000000000000000000 
0000000010000000011111111110100010000000100000000000000000000000 
0000000010000000011111111110100010000000100000000000000000000000 
0000000010000000011111111110111010000000100000000000000000000000 
0000000010000000011111111110111010000000100000000000000000000000 
0000000010000000011111111110111010000000100000000000000000000000 
0000000010000000011111111110111010000000100000000000000000000000 
0000000010000000011111111110111010000000100000000000000000000000 
0000000010000000011111111110111010000000100000000000000000000000 
0000000010000000011111111110111010000000100000000000000000000000 
0000000010000000011111111110111010000000100000000000000000000000 
0000000010000000011111111110111010000000100000000000000000000000 
0000000010000000011111111110111010000000100000000000000000000000 
0000000010000000011111111110111010000000100000000000000000000000 
0000000010000000011111111110111010000000100000000000000000000000 
0000000010000000011111111110111010000000100000000000000000000000 
0000000010000000011111111110111010000000100000000000000000000000 
0000000010000000011111111110111010000000100000000000000000000000 
0000000010000000011111111110111010000000100000000000000000000000 
0000000010000000011111111110111010000000100000000000000000000000 
0000000010000000011111111110111010000000100000000000000000000000 
0000000010000000011111111110111010000000100000000000000000000000 
0000000010000000011111111110111010000000100000000000000000000000 
0000000010000000011111111110111010000000100000000000000000000000 
0000000010000000011111111110111010000000100000000000000000000000 
0000000010000000011111111110111010000000100000000000000000000000 
0000000010000000011111111110111010000000100000000000000000000000 
0000000010000000011111111110111010000000100000000000000000000000 
0000000010000000011111111110111010000000100000000000000000000000 
0000000010000000011111111110111010000000100000000000000000000000 
0000000010000000011111111110111010000000100000000000000000000000 
0000000010000000011111111110111010000000100000000000000000000000 
0000000010000000011111111110111010000000100000000000000000000000 
0000000010000000011111111110111010000000100000000000000000000000 
0000000010000000011111111110111010000000100000000000000000000000 
0000000010000000011111111110111010000000100000000000000000000000 
0000000010000000011111111110111010000000100000000000000000000000 
0000000010000000011111111110111010000000100000000000000000000000 
0000000010000000011111111110111010000000100000000000000000000000 
0000000010000000011111111110111010000000100000000000000000000000 
0000000010000000011111111110111010000000100000000000000000000000 
0000000010000000011111111110111010000000100000000000000000000000 
0000000010000000011111111110111010000000100000000000000000000000 
0000000010000000011111111110111010000000100000000000000000000000 
0000000010000000011111111110111010000000100000000000000000000000 
0000000010000000011111111110111010000000100000000000000000000000 
0000000010000000011111111110111010000000100000000000000000000000 
0000000010000000011111111110111010000000100000000000000000000000 
0000000010000000011111111110111010000000100000000000000000000000 
0000000010000000011111111110111010000000100000000000000000000000 
0000000010000000011111111110111010000000100000000000000000000000 
0000000010000000011111111110111010000000100000000000000000000000 
0000000010000000011111111110111010000000100000000000000000000000 
0000000010000000011111111110111010000000100000000000000000000000 
0000000010000000011111111110111010000000100000000000000000000000 
0000000010000000011111111110111010000000100000000000000000000000 
0000000010000000011111111110111010000000100000000000000000000000 
0000000010000000011111111110111010000000100000000000000000000000 
0000000010000000011111111110111010000000100000000000000000000000 
0000000010000000011111111110111010000000100000000000000000000000 
0000000010000000011111111110111010000000100000000000000000000000 
0000000010000000011111111110111010000000100000000000000000000000 
0000000010000000011111111110111010000000100000000000000000000000 
0000000010000000011111111110111010000000100000000000000000000000 
0000000010000000011111111110111010000000100000000000000000000000 
0000000010000000011111111110111010000000100000000000000000000000 
0000000010000000011111111110111010000000100000000000000000000000 
0000000010000000011111111110111010000000100000000000000000000000 
0000000010000000011111111110111010000000100000000000000000000000 
0000000010000000011111111110111010000000100000000000000000000000 
0000000010000000011111111110111010000000100000000000000000000000 
0000000010000000011111111110111010000000100000000000000000000000 
0000000010000000011111111110111010000000100000000000000000000000 
0000000010000000011111111110111010000000100000000000000000000000 
0000000010000000011111111110111010000000100000000000000000000000 
0000000010000000011111111110111010000000100000000000000000000000 
0000000010000000011111111110111010000000100000000000000000000000 
0000000010000000011111111110111010000000100000000000000000000000 
0000000010000000011111111110111010000000100000000000000000000000 
0000000010000000011111111110111010000000100000000000000000000000 
0000000010000000011111111110111010000000100000000000000000000000 
0000000010000000011111111110111010000000100000000000000000000000 
0000000010000000011111111110111010000000100000000000000000000000 
0000000010000000011111111110111010000000100000000000000000000000 
0000000010000000011111111110111010000000100000000000000000000000 
0000000010000000011111111110111010000000100000000000000000000000 
0000000010000000011111111110111010000000100000000000000000000000 
0000000010000000011111111110111010000000100000000000000000000000 
0000000010000000011111111110111010000000100000000000000000000000 
0000000010000000011111111110111010000000100000000000000000000000 
0000000010000000011111111110111010000000100000000000000000000000 
0000000010000000011111111110111010000000100000000000000000000000 
0000000010000000011111111110111010000000100000000000000000000000 
0000000010000000011111111110111010000000100000000000000000000000 
0000000010000000011111111110111010000000100000000000000000000000 
0000000010000000011111111110111010000000100000000000000000000000 
0000000010000000011111111110111010000000100000000000000000000000 
0000000010000000011111111110111010000000100000000000000000000000 
0000000010000000011111111110111010000000100000000000000000000000 
0000000010000000011111111110111010000000100000000000000000000000 
0000000010000000011111111110111010000000100000000000000000000000 
0000000010000000011111111110111010000000100000000000000000000000 
0000000010000000011111111110111010000000100000000000000000000000 
0000000010000000011111111110111010000000100000000000000000000000 
0000000010000000011111111110111010000000100000000000000000000000 
0000000010000000011111111110111010000000100000000000000000000000 
0000000010000000011111111110111010000000100000000000000000000000 
0000000010000000011111111110111010000000100000000000000000000000 
0000000010000000011111111110111010000000100000000000000000000000 
0000000010000000011111111110111010000000100000000000000000000000 
0000000010000000011111111110111010000000100000000000000000000000 
0000000010000000011111111110111010000000100000000000000000000000 
0000000010000000011111111110111010000000100000000000000000000000 
0000000010000000011111111110111010000000100000000000000000000000 
0000000010000000011111111110111010000000100000000000000000000000 
0000000010000000011111111110111010000000100000000000000000000000 
0000000010000000011111111110111010000000100000000000000000000000 
0000000010000000011111111110111010000000100000000000000000000000 
0000000010000000011111111110111010000000100000000000000000000000 
0000000010000000011111111110111010000000100000000000000000000000 
0000000010000000011111111110111010000000100000000000000000000000 
0000000010000000011111111110111010000000100000000000000000000000 
0000000010000000011111111110111010000000100000000000000000000000 
0000000010000000011111111110111010000000100000000000000000000000 
0000000010000000011111111110111010000000100000000000000000000000 
0000000010000000011111111110111010000000100000000000000000000000 
0000000010000000011111111110111010000000100000000000000000000000 
0000000010000000011111111110111010000000100000000000000000000000 
0000000010000000011111111110111010000000100000000000000000000000 
0000000010000000011111111110111010000000100000000000000000000000 
0000000010000000011111111110111010000000100000000000000000000000 
0000000010000000011111111110111010000000100000000000000000000000 
0000000010000000011111111110111010000000100000000000000000000000 
0000000010000000011111111110111010000000100000000000000000000000 
0000000010000000011111111110111010000000100000000000000000000000 
0000000010000000011111111110111010000000100000000000000000000000 
0000000010000000011111111110111010000000100000000000000000000000 
0000000010000000011111111110111010000000100000000000000000000000 
0000000010000000011111111110111010000000100000000000000000000000 
0000000010000000011111111110111010000000100000000000000000000000 
0000000010000000011111111110111010000000100000000000000000000000 
0000000010000000011111111110111010000000100000000000000000000000 
0000000010000000011111111110111010000000100000000000000000000000 
0000000010000000011111111110111010000000100000000000000000000000 
0000000010000000011111111110111010000000100000000000000000000000 
0000000010000000011111111110111010000000100000000000000000000000 
0000000010000000011111111110111010000000100000000000000000000000 
0000000010000000011111111110111010000000100000000000000000000000 
0000000010000000011111111110111010000000100000000000000000000000 
0000000010000000011111111110111010000000100000000000000000000000 
0000000010000000011111111110111010000000100000000000000000000000 
0000000010000000011111111110111010000000100000000000000000000000 
0000000010000000011111111110111010000000100000000000000000000000 
0000000010000000011111111110111010000000100000000000000000000000 
0000000010000000011111111110111010000000100000000000000000000000 
0000000010000000011111111110111010000000100000000000000000000000 
0000000010000000011111111110111010000000100000000000000000000000 
0000000010000000011111111110111010000000100000000000000000000000 
0000000010000000011111111110111010000000100000000000000000000000 
0000000010000000011111111110111010000000100000000000000000000000 
0000000010000000011111111110111010000000100000000000000000000000 
0000000010000000011111111110111010000000100000000000000000000000 
0000000010000000011111111110111010000000100000000000000000000000 
0000000010000000011111111110111010000000100000000000000000000000 
0000000010000000011111111110111010000000100000000000000000000000 
0000000010000000011111111110111010000000100000000000000000000000 
0000000010000000011111111110111010000000100000000000000000000000 
0000000010000000011111111110111010000000100000000000000000000000 
0000000010000000011111111110111010000000100000000000000000000000 
0000000010000000011111111110111010000000100000000000000000000000 
0000000010000000011111111110111010000000100000000000000000000000 
0000000010000000011111111110111010000000100000000000000000000000 
0000000010000000011111111110111010000000100000000000000000000000 
0000000010000000011111111110111010000000100000000000000000000000 
0000000010000000011111111110111010000000100000000000000000000000 
0000000010000000011111111110111010000000100000000000000000000000 
0000000010000000011111111110111010000000100000000000000000000000 
0000000010000000011111111110111010000000100000000000000000000000 
0000000010000000011111111110111010000000100000000000000000000000 
0000000010000000011111111110111010000000100000000000000000000000 
0000000010000000011111111110111010000000100000000000000000000000 
0000000010000000011111111110111010000000100000000000000000000000 
0000000010000000011111111110111010000000100000000000000000000000 
0000000010000000011111111110111010000000100000000000000000000000 
0000000010000000011111111110111010000000100000000000000000000000 
0000000010000000011111111110111010000000100000000000000000000000 
0000000010000000011111111110111010000000100000000000000000000000 
0000000010000000011111111110111010000000100000000000000000000000 
0000000010000000011111111110111010000000100000000000000000000000 
0000000010000000011111111110111010000000100000000000000000000000 
0000000010000000011111111110111010000000100000000000000000000000 
0000000010000000011111111110111010000000100000000000000000000000 
0000000010000000011111111110111010000000100000000000000000000000 
0000000010000000011111111110111010000000100000000000000000000000 
0000000010000000011111111110111010000000100000000000000000000000 
0000000010000000011111111110111010000000100000000000000000000000 
0000000010000000011111111110111010000000100000000000000000000000 
0000000010000000011111111110111010000000100000000000000000000000 
0000000010000000011111111110111010000000100000000000000000000000 
0000000010000000011111111110111010000000100000000000000000000000 
0000000010000000011111111110111010000000100000000000000000000000 
0000000010000000011111111110111010000000100000000000000000000000 
0000000010000000011111111110111010000000100000000000000000000000 
0000000010000000011111111110111010000000100000000000000000000000 
0000000010000000011111111110111010000000100000000000000000000000 
0000000010000000011111111110111010000000100000000000000000000000 
0000000010000000011111111110111010000000100000000000000000000000 
0000000010000000011111111110111010000000100000000000000000000000 
0000000010000000011111111110111010000000100000000000000000000000 
0000000010000000011111111110111010000000100000000000000000000000 
0000000010000000011111111110111010000000100000000000000000000000 
0000000010000000011111111110111010000000100000000000000000000000 
0000000010000000011111111110111010000000100000000000000000000000 
0000000010000000011111111110111010000000100000000000000000000000 
0000000010000000011111111110111010000000100000000000000000000000 
0000000010000000011111111110111010000000100000000000000000000000 
0000000010000000011111111110111010000000100000000000000000000000 
0000000010000000011111111110111010000000100000000000000000000000 
0000000010000000011111111110111010000000100000000000000000000000 
0000000010000000011111111110111010000000100000000000000000000000 
0000000010000000011111111110111010000000100000000000000000000000 
0000000010000000011111111110111010000000100000000000000000000000 
0000000010000000011111111110111010000000100000000000000000000000 
0000000010000000011111111110111010000000100000000000000000000000 
0000000010000000011111111110111010000000100000000000000000000000 
0000000010000000011111111110111010000000100000000000000000000000 
0000000010000000011111111110111010000000100000000000000000000000 
0000000010000000011111111110111010000000100000000000000000000000 
0000000010000000011111111110111010000000100000000000000000000000 
0000000010000000011111111110111010000000100000000000000000000000 
0000000010000000011111111110111010000000100000000000000000000000 
0000000010000000011111111110111010000000100000000000000000000000 
0000000010000000011111111110111010000000100000000000000000000000 
0000000010000000011111111110111010000000100000000000000000000000 
0000000010000000011111111110111010000000100000000000000000000000 
0000000010000000011111111110111010000000100000000000000000000000 
0000000010000000011111111110111010000000100000000000000000000000 
0000000010000000011111111110111010000000100000000000000000000000 
0000000010000000011111111110111010000000100000000000000000000000 
0000000010000000011111111110111010000000100000000000000000000000 
0000000010000000011111111110111010000000100000000000000000000000 
0000000010000000011111111110111010000000100000000000000000000000 
0000000010000000011111111110111010000000100000000000000000000000 
0000000010000000011111111110111010000000100000000000000000000000 
0000000010000000011111111110111010000000100000000000000000000000 
0000000010000000011111111110111010000000100000000000000000000000 
0000000010000000011111111110111010000000100000000000000000000000 
0000000010000000011111111110111010000000100000000000000000000000 
0000000010000000011111111110111010000000100000000000000000000000 
0000000010000000011111111110111010000000100000000000000000000000 
0000000010000000011111111110111010000000100000000000000000000000 
0000000010000000011111111110111010000000100000000000000000000000 
0000000010000000011111111110111010000000100000000000000000000000 
0000000010000000011111111110111010000000100000000000000000000000 
0000000010000000011111111110111010000000100000000000000000000000 
0000000010000000011111111110111010000000100000000000000000000000 
0000000010000000011111111110111010000000100000000000000000000000 
0000000010000000011111111110111010000000100000000000000000000000 
0000000010000000011111111110111010000000100000000000000000000000 
0000000010000000011111111110111010000000100000000000000000000000 
0000000010000000011111111110111010000000100000000000000000000000 
0000000010000000011111111110111010000000100000000000000000000000 
0000000010000000011111111110111010000000100000000000000000000000 
0000000010000000011111111110111010000000100000000000000000000000 
0000000010000000011111111110111010000000100000000000000000000000 
0000000010000000011111111110111010000000100000000000000000000000 
0000000010000000011111111110111010000000100000000000000000000000 
0000000010000000011111111110111010000000100000000000000000000000 
0000000010000000011111111110111010000000100000000000000000000000 
0000000010000000011111111110111010000000100000000000000000000000 
0000000010000000011111111110111010000000100000000000000000000000 
0000000010000000011111111110111010000000100000000000000000000000 
0000000010000000011111111110111010000000100000000000000000000000 
0000000010000000011111111110111010000000100000000000000000000000 
0000000010000000011111111110111010000000100000000000000000000000 
0000000010000000011111111110111010000000100000000000000000000000 
0000000010000000011111111110111010000000100000000000000000000000 
0000000010000000011111111110111010000000100000000000000000000000 
0000000010000000011111111110111010000000100000000000000000000000 
0000000010000000011111111110111010000000100000000000000000000000 
0000000010000000011111111110111010000000100000000000000000000000 
0000000010000000011111111110111010000000100000000000000000000000 
0000000010000000011111111110111010000000100000000000000000000000 
0000000010000000011111111110111010000000100000000000000000000000 
0000000010000000011111111110111010000000100000000000000000000000 
0000000010000000011111111110111010000000100000000000000000000000 
0000000010000000011111111110111010000000100000000000000000000000 
0000000010000000011111111110111010000000100000000000000000000000 
0000000010000000011111111110111010000000100000000000000000000000 
0000000010000000011111111110111010000000100000000000000000000000 
0000000010000000011111111110111010000000100000000000000000000000 
0000000010000000011111111110111010000000100000000000000000000000 
0000000010000000011111111110111010000000100000000000000000000000 
0000000010000000011111111110111010000000100000000000000000000000 
0000000010000000011111111110111010000000100000000000000000000000 
0000000010000000011111111110111010000000100000000000000000000000 
0000000010000000011111111110111010000000100000000000000000000000 
0000000010000000011111111110111010000000100000000000000000000000 
0000000010000000011111111110111010000000100000000000000000000000 
0000000010000000011111111110111010000000100000000000000000000000 
0000000010000000011111111110111010000000100000000000000000000000 
0000000010000000011111111110111010000000100000000000000000000000 
0000000010000000011111111110111010000000100000000000000000000000 
0000000010000000011111111110111010000000100000000000000000000000 
0000000010000000011111111110111010000000100000000000000000000000 
0000000010000000011111111110111010000000100000000000000000000000 
0000000010000000011111111110111010000000100000000000000000000000 
0000000010000000011111111110111010000000100000000000000000000000 
0000000010000000011111111110111010000000100000000000000000000000 
0000000010000000011111111110111010000000100000000000000000000000 
0000000010000000011111111110111010000000100000000000000000000000 
0000000010000000011111111110111010000000100000000000000000000000 
0000000010000000011111111110111010000000100000000000000000000000 
0000000010000000011111111110111010000000100000000000000000000000 
0000000010000000011111111110111010000000100000000000000000000000 
0000000010000000011111111110111010000000100000000000000000000000 
0000000010000000011111111110111010000000100000000000000000000000 
0000000010000000011111111110111010000000100000000000000000000000 
0000000010000000011111111110111010000000100000000000000000000000 
0000000010000000011111111110111010000000100000000000000000000000 
0000000010000000011111111110111010000000100000000000000000000000 
0000000010000000011111111110111010000000100000000000000000000000 
0000000010000000011111111110111010000000100000000000000000000000 
0000000010000000011111111110111010000000100000000000000000000000 
0000000010000000011111111110111010000000100000000000000000000000 
0000000010000000011111111110111010000000100000000000000000000000 
0000000010000000011111111110111010000000100000000000000000000000 
0000000010000000011111111110111010000000100000000000000000000000 
0000000010000000011111111110111010000000100000000000000000000000 
0000000010000000011111111110111010000000100000000000000000000000 
0000000010000000011111111110111010000000100000000000000000000000 
0000000010000000011111111110111010000000100000000000000000000000 
0000000010000000011111111110111010000000100000000000000000000000 
0000000010000000011111111110111010000000100000000000000000000000 
0000000010000000011111111110111010000000100000000000000000000000 
0000000010000000011111111110111010000000100000000000000000000000 
0000000010000000011111111110111010000000100000000000000000000000 
0000000010000000011111111110111010000000100000000000000000000000 
0000000010000000011111111110111010000000100000000000000000000000 
0000000010000000011111111110111010000000100000000000000000000000 
0000000010000000011