011110000000000000000
00000010000000100000000111111110000000011111110000000000000000
0000000010000000100000000111111110000000011111110000000000000000
000000000010000000100000000111111110000000011111110000000000000000
0000000010000000100000000111111110000000011111110000000000000000
0000000010000000100000000111111110000000011111110000000000000000
0000000010000000100000000111111110000000011111110000000000000000
0000000010000000100000000111111110000000011111110000000000000000
0000000010000000100000000111111110000000011111110000000000000000
0000000010000000100000000111111110000000011111110000000000000000
0000000010000000100000000111111110000000011111110000000000000000
0000000010000000100000000111111110000000011111110000000000000000
0000000010000000100000000111111110000000011111110000000000000000
0000000010000000100000000111111110000000011111110000000000000000
0000000010000000100000000111111110000000011111110000000000000000
0000000010000000100000000111111110000000011111110000000000000000
0000000010000000100000000111111110000000011111110000000000000000
0000000010000000100000000111111110000000011111110000000000000000
0000000010000000100000000111111110000000011111110000000000000000
0000000010000000100000000111111110000000011111110000000000000000
0000000010000000100000000111111110000000011111110000000000000000
0000000010000000100000000111111110000000011111110000000000000000
0000000010000000100000000111111110000000011111110000000000000000
0000000010000000100000000111111110000000011111110000000000000000
0000000010000000100000000111111110000000011111110000000000000000
0000000010000000100000000111111110000000011111110000000000000000
0000000010000000100000000111111110000000011111110000000000000000
0000000010000000100000000111111110000000011111110000000000000000
0000000010000000100000000111111110000000011111110000000000000000
0000000010000000100000000111111110000000011111110000000000000000
0000000010000000100000000111111110000000011111110000000000000000
0000000010000000100000000111111110000000011111110000000000000000
0000000010000000100000000111111110000000011111110000000000000000
0000000010000000100000000111111110000000011111110000000000000000
0000000010000000100000000111111110000000011111110000000000000000
0000000010000000100000000111111110000000011111110000000000000000
0000000010000000100000000111111110000000011111110000000000000000
0000000010000000100000000111111110000000011111110000000000000000
0000000010000000100000000111111110000000011111110000000000000000
0000000010000000100000000111111110000000011111110000000000000000
0000000010000000100000000111111110000000011111110000000000000000
0000000010000000100000000111111110000000011111110000000000000000
0000000010000000100000000111111110000000011111110000000000000000
0000000010000000100000000111111110000000011111110000000000000000
0000000010000000100000000111111110000000011111110000000000000000
0000000010000000100000000111111110000000011111110000000000000000
0000000010000000100000000111111110000000011111110000000000000000
0000000010000000100000000111111110000000011111110000000000000000
0000000010000000100000000111111110000000011111110000000000000000
0000000010000000100000000111111110000000011111110000000000000000
0000000010000000100000000111111110000000011111110000000000000000
0000000010000000100000000111111110000000011111110000000000000000
0000000010000000100000000111111110000000011111110000000000000000
0000000010000000100000000111111110000000011111110000000000000000
0000000010000000100000000111111110000000011111110000000000000000
0000000010000000100000000111111110000000011111110000000000000000
0000000010000000100000000111111110000000011111110000000000000000
0000000010000000100000000111111110000000011111110000000000000000
0000000010000000100000000111111110000000011111110000000000000000
0000000010000000100000000111111110000000011111110000000000000000
0000000010000000100000000111111110000000011111110000000000000000
0000000010000000100000000111111110000000011111110000000000000000
0000000010000000100000000111111110000000011111110000000000000000
0000000010000000100000000111111110000000011111110000000000000000
0000000010000000100000000111111110000000011111110000000000000000
0000000010000000100000000111111110000000011111110000000000000000
0000000010000000100000000111111110000000011111110000000000000000
0000000010000000100000000111111110000000011111110000000000000000
0000000010000000100000000111111110000000011111110000000000000000
0000000010000000100000000111111110000000011111110000000000000000
0000000010000000100000000111111110000000011111110000000000000000
0000000010000000100000000111111110000000011111110000000000000000
0000000010000000100000000111111110000000011111110000000000000000
0000000010000000100000000111111110000000011111110000000000000000
0000000010000000100000000111111110000000011111110000000000000000
0000000010000000100000000111111110000000011111110000000000000000
0000000010000000100000000111111110000000011111110000000000000000
0000000010000000100000000111111110000000011111110000000000000000
0000000010000000100000000111111110000000011111110000000000000000
0000000010000000100000000111111110000000011111110000000000000000
0000000010000000100000000111111110000000011111110000000000000000
0000000010000000100000000111111110000000011111110000000000000000
0000000010000000100000000111111110000000011111110000000000000000
0000000010000000100000000111111110000000011111110000000000000000
0000000010000000100000000111111110000000011111110000000000000000
0000000010000000100000000111111110000000011111110000000000000000
0000000010000000100000000111111110000000011111110000000000000000
0000000010000000100000000111111110000000011111110000000000000000
0000000010000000100000000111111110000000011111110000000000000000
0000000010000000100000000111111110000000011111110000000000000000
0000000010000000100000000111111110000000011111110000000000000000
0000000010000000100000000111111110000000011111110000000000000000
0000000010000000100000000111111110000000011111110000000000000000
0000000010000000100000000111111110000000011111110000000000000000
0000000010000000100000000111111110000000011111110000000000000000
0000000010000000100000000111111110000000011111110000000000000000
0000000010000000100000000111111110000000011111110000000000000000
0000000010000000100000000111111110000000011111110000000000000000
0000000010000000100000000111111110000000011111110000000000000000
0000000010000000100000000111111110000000011111110000000000000000
0000000010000000100000000111111110000000011111110000000000000000
0000000010000000100000000111111110000000011111110000000000000000
0000000010000000100000000111111110000000011111110000000000000000
0000000010000000100000000111111110000000011111110000000000000000
0000000010000000100000000111111110000000011111110000000000000000
0000000010000000100000000111111110000000011111110000000000000000
0000000010000000100000000111111110000000011111110000000000000000
0000000010000000100000000111111110000000011111110000000000000000
0000000010000000100000000111111110000000011111110000000000000000
0000000010000000100000000111111110000000011111110000000000000000
0000000010000000100000000111111110000000011111110000000000000000
0000000010000000100000000111111110000000011111110000000000000000
0000000010000000100000000111111110000000011111110000000000000000
0000000010000000100000000111111110000000011111110000000000000000
0000000010000000100000000111111110000000011111110000000000000000
0000000010000000100000000111111110000000011111110000000000000000
0000000010000000100000000111111110000000011111110000000000000000
0000000010000000100000000111111110000000011111110000000000000000
0000000010000000100000000111111110000000011111110000000000000000
0000000010000000100000000111111110000000011111110000000000000000
0000000010000000100000000111111110000000011111110000000000000000
0000000010000000100000000111111110000000011111110000000000000000
0000000010000000100000000111111110000000011111110000000000000000
0000000010000000100000000111111110000000011111110000000000000000
0000000010000000100000000111111110000000011111110000000000000000
0000000010000000100000000111111110000000011111110000000000000000
0000000010000000100000000111111110000000011111110000000000000000
0000000010000000100000000111111110000000011111110000000000000000
0000000010000000100000000111111110000000011111110000000000000000
0000000010000000100000000111111110000000011111110000000000000000
0000000010000000100000000111111110000000011111110000000000000000
0000000010000000100000000111111110000000011111110000000000000000
0000000010000000100000000111111110000000011111110000000000000000
0000000010000000100000000111111110000000011111110000000000000000
0000000010000000100000000111111110000000011111110000000000000000
0000000010000000100000000111111110000000011111110000000000000000
0000000010000000100000000111111110000000011111110000000000000000
0000000010000000100000000111111110000000011111110000000000000000
0000000010000000100000000111111110000000011111110000000000000000
0000000010000000100000000111111110000000011111110000000000000000
0000000010000000100000000111111110000000011111110000000000000000
0000000010000000100000000111111110000000011111110000000000000000
0000000010000000100000000111111110000000011111110000000000000000
0000000010000000100000000111111110000000011111110000000000000000
0000000010000000100000000111111110000000011111110000000000000000
0000000010000000100000000111111110000000011111110000000000000000
0000000010000000100000000111111110000000011111110000000000000000
0000000010000000100000000111111110000000011111110000000000000000
0000000010000000100000000111111110000000011111110000000000000000
0000000010000000100000000111111110000000011111110000000000000000
0000000010000000100000000111111110000000011111110000000000000000
0000000010000000100000000111111110000000011111110000000000000000
0000000010000000100000000111111110000000011111110000000000000000
0000000010000000100000000111111110000000011111110000000000000000
0000000010000000100000000111111110000000011111110000000000000000
0000000010000000100000000111111110000000011111110000000000000000
0000000010000000100000000111111110000000011111110000000000000000
0000000010000000100000000111111110000000011111110000000000000000
0000000010000000100000000111111110000000011111110000000000000000
0000000010000000100000000111111110000000011111110000000000000000
0000000010000000100000000111111110000000011111110000000000000000
0000000010000000100000000111111110000000011111110000000000000000
0000000010000000100000000111111110000000011111110000000000000000
0000000010000000100000000111111110000000011111110000000000000000
0000000