10000000100000000111111101111111100000000000000000000000 
0000000010000000100000000111111101111111100000000000000000000000 
000000000010000000100000000111111101111111100000000000000000000000 
0000000010000000100000000111111101111111100000000000000000000000 
0000000010000000100000000111111101111111100000000000000000000000 
0000000010000000100000000111111101111111100000000000000000000000 
0000000010000000100000000111111101111111100000000000000000000000 
0000000010000000100000000111111101111111100000000000000000000000 
0000000010000000100000000111111101111111100000000000000000000000 
0000000010000000100000000111111101111111100000000000000000000000 
0000000010000000100000000111111101111111100000000000000000000000 
0000000010000000100000000111111101111111100000000000000000000000 
0000000010000000100000000111111101111111100000000000000000000000 
0000000010000000100000000111111101111111100000000000000000000000 
0000000010000000100000000111111101111111100000000000000000000000 
0000000010000000100000000111111101111111100000000000000000000000 
0000000010000000100000000111111101111111100000000000000000000000 
0000000010000000100000000111111101111111100000000000000000000000 
0000000010000000100000000111111101111111100000000000000000000000 
0000000010000000100000000111111101111111100000000000000000000000 
0000000010000000100000000111111101111111100000000000000000000000 
0000000010000000100000000111111101111111100000000000000000000000 
0000000010000000100000000111111101111111100000000000000000000000 
0000000010000000100000000111111101111111100000000000000000000000 
0000000010000000100000000111111101111111100000000000000000000000 
0000000010000000100000000111111101111111100000000000000000000000 
0000000010000000100000000111111101111111100000000000000000000000 
0000000010000000100000000111111101111111100000000000000000000000 
0000000010000000100000000111111101111111100000000000000000000000 
0000000010000000100000000111111101111111100000000000000000000000 
0000000010000000100000000111111101111111100000000000000000000000 
0000000010000000100000000111111101111111100000000000000000000000 
0000000010000000100000000111111101111111100000000000000000000000 
0000000010000000100000000111111101111111100000000000000000000000 
0000000010000000100000000111111101111111100000000000000000000000 
0000000010000000100000000111111101111111100000000000000000000000 
0000000010000000100000000111111101111111100000000000000000000000 
0000000010000000100000000111111101111111100000000000000000000000 
0000000010000000100000000111111101111111100000000000000000000000 
0000000010000000100000000111111101111111100000000000000000000000 
0000000010000000100000000111111101111111100000000000000000000000 
0000000010000000100000000111111101111111100000000000000000000000 
0000000010000000100000000111111101111111100000000000000000000000 
0000000010000000100000000111111101111111100000000000000000000000 
0000000010000000100000000111111101111111100000000000000000000000 
0000000010000000100000000111111101111111100000000000000000000000 
0000000010000000100000000111111101111111100000000000000000000000 
0000000010000000100000000111111101111111100000000000000000000000 
0000000010000000100000000111111101111111100000000000000000000000 
0000000010000000100000000111111101111111100000000000000000000000 
0000000010000000100000000111111101111111100000000000000000000000 
0000000010000000100000000111111101111111100000000000000000000000 
0000000010000000100000000111111101111111100000000000000000000000 
0000000010000000100000000111111101111111100000000000000000000000 
0000000010000000100000000111111101111111100000000000000000000000 
0000000010000000100000000111111101111111100000000000000000000000 
0000000010000000100000000111111101111111100000000000000000000000 
0000000010000000100000000111111101111111100000000000000000000000 
0000000010000000100000000111111101111111100000000000000000000000 
0000000010000000100000000111111101111111100000000000000000000000 
0000000010000000100000000111111101111111100000000000000000000000 
0000000010000000100000000111111101111111100000000000000000000000 
0000000010000000100000000111111101111111100000000000000000000000 
0000000010000000100000000111111101111111100000000000000000000000 
0000000010000000100000000111111101111111100000000000000000000000 
0000000010000000100000000111111101111111100000000000000000000000 
0000000010000000100000000111111101111111100000000000000000000000 
0000000010000000100000000111111101111111100000000000000000000000 
0000000010000000100000000111111101111111100000000000000000000000 
0000000010000000100000000111111101111111100000000000000000000000 
0000000010000000100000000111111101111111100000000000000000000000 
0000000010000000100000000111111101111111100000000000000000000000 
0000000010000000100000000111111101111111100000000000000000000000 
0000000010000000100000000111111101111111100000000000000000000000 
0000000010000000100000000111111101111111100000000000000000000000 
0000000010000000100000000111111101111111100000000000000000000000 
0000000010000000100000000111111101111111100000000000000000000000 
0000000010000000100000000111111101111111100000000000000000000000 
0000000010000000100000000111111101111111100000000000000000000000 
0000000010000000100000000111111101111111100000000000000000000000 
0000000010000000100000000111111101111111100000000000000000000000 
0000000010000000100000000111111101111111100000000000000000000000 
0000000010000000100000000111111101111111100000000000000000000000 
0000000010000000100000000111111101111111100000000000000000000000 
0000000010000000100000000111111101111111100000000000000000000000 
0000000010000000100000000111111101111111100000000000000000000000 
0000000010000000100000000111111101111111100000000000000000000000 
0000000010000000100000000111111101111111100000000000000000000000 
0000000010000000100000000111111101111111100000000000000000000000 
0000000010000000100000000111111101111111100000000000000000000000 
0000000010000000100000000111111101111111100000000000000000000000 
0000000010000000100000000111111101111111100000000000000000000000 
0000000010000000100000000111111101111111100000000000000000000000 
0000000010000000100000000111111101111111100000000000000000000000 
0000000010000000100000000111111101111111100000000000000000000000 
0000000010000000100000000111111101111111100000000000000000000000 
0000000010000000100000000111111101111111100000000000000000000000 
0000000010000000100000000111111101111111100000000000000000000000 
0000000010000000100000000111111101111111100000000000000000000000 
0000000010000000100000000111111101111111100000000000000000000000 
0000000010000000100000000111111101111111100000000000000000000000 
0000000010000000100000000111111101111111100000000000000000000000 
0000000010000000100000000111111101111111100000000000000000000000 
0000000010000000100000000111111101111111100000000000000000000000 
0000000010000000100000000111111101111111100000000000000000000000 
0000000010000000100000000111111101111111100000000000000000000000 
0000000010000000100000000111111101111111100000000000000000000000 
0000000010000000100000000111111101111111100000000000000000000000 
0000000010000000100000000111111101111111100000000000000000000000 
0000000010000000100000000111111101111111100000000000000000000000 
0000000010000000100000000111111101111111100000000000000000000000 
0000000010000000100000000111111101111111100000000000000000000000 
0000000010000000100000000111111101111111100000000000000000000000 
0000000010000000100000000111111101111111100000000000000000000000 
0000000010000000100000000111111101111111100000000000000000000000 
0000000010000000100000000111111101111111100000000000000000000000 
0000000010000000100000000111111101111111100000000000000000000000 
0000000010000000100000000111111101111111100000000000000000000000 
0000000010000000100000000111111101111111100000000000000000000000 
0000000010000000100000000111111101111111100000000000000000000000 
0000000010000000100000000111111101111111100000000000000000000000 
0000000010000000100000000111111101111111100000000000000000000000 
0000000010000000100000000111111101111111100000000000000000000000 
0000000010000000100000000111111101111111100000000000000000000000 
0000000010000000100000000111111101111111100000000000000000000000 
0000000010000000100000000111111101111111100000000000000000000000 
0000000010000000100000000111111101111111100000000000000000000000 
0000000010000000100000000111111101111111100000000000000000000000 
0000000010000000100000000111111101111111100000000000000000000000 
0000000010000000100000000111111101111111100000000000000000000000 
0000000010000000100000000111111101111111100000000000000000000000 
0000000010000000100000000111111101111111100000000000000000000000 
0000000010000000100000000111111101111111100000000000000000000000 
0000000010000000100000000111111101111111100000000000000000000000 
0000000010000000100000000111111101111111100000000000000000000000 
0000000010000000100000000111111101111111100000000000000000000000 
0000000010000000100000000111111101111111100000000000000000000000 
0000000010000000100000000111111101111111100000000000000000000000 
0000000010000000100000000111111101111111100000000000000000000000 
0000000010000000100000000111111101111111100000000000000000000000 
0000000010000000100000000111111101111111100000000000000000000000 
0000000010000000100000000111111101111111100000000000000000000000 
0000000010000000100000000111111101111111100000000000000000000000 
0000000010000000100000000111111101111111100000000000000000000000 
0000000010000000100000000111111101111111100000000000000000000000 
0000000010000000100000000111111101111111100000000000000000000000 
0000000010000000100000000111111101111111100000000000000000000000 
0000000010000000100000000111111101111111100000000000000000000000 
0000000010000000100000000111111101111111100000000000000000000000 
0000000010000000100000000111111101111111100000000000000000000000 
0000000010000000100000000111111101111111100000000000000000000000 
0000000010000000100000000111111101111111100000000000000000000000 
0000000010000000100000000111111101111111100000000000000000000000 
0000000010000000100000000111111101111111100000000000000000000000 
0000000010000000100000000111111101111111100000000000000000000000 
0000000010000000100000000111111101111111100000000000000000000000 
0000000010000000100000000111111101111111100000000000000000000000 
0000000010000000100000000111111101111111100000000000000000000000 
0000000010000000100000000111111101111111100000000000000000000000 
0000000010000000100000000111111101111111100000000000000000000000 
0000000010000000100000000111111101111111100000000000000000000000 
0000000010000000100000000111111101111111100000000000000000000000 
0000000010000000100000000111111101111111100000000000000000000000 
0000000010000000100000000111111101111111100000000000000000000000 
0000000010000000100000000111111101111111100000000000000000000000 
0000000010000000100000000111111101111111100000000000000000000000 
0000000010000000100000000111111101111111100000000000000000000000 
0000000010000000100000000111111101111111100000000000000000000000 
0000000010000000100000000111111101111111100000000000000000000000 
0000000010000000100000000111111101111111100000000000000000000000 
0000000010000000100000000111111101111111100000000000000000000000 
0000000010000000100000000111111101111111100000000000000000000000 
0000000010000000100000000111111101111111100000000000000000000000 
0000000010000000100000000111111101111111100000000000000000000000 
0000000010000000100000000111111101111111100000000000000000000000 
0000000010000000100000000111111101111111100000000000000000000000 
0000000010000000100000000111111101111111100000000000000000000000 
0000000010000000100000000111111101111111100000000000000000000000 
0000000010000000100000000111111101111111100000000000000000000000 
0000000010000000100000000111111101111111100000000000000000000000 
0000000010000000100000000111111101111111100000000000000000000000 
0000000010000000100000000111111101111111100000000000000000000000 
0000000010000000100000000111111101111111100000000000000000000000 
0000000010000000100000000111111101111111100000000000000000000000 
0000000010000000100000000111111101111111100000000000000000000000 
0000000010000000100000000111111101111111100000000000000000000000 
0000000010000000100000000111111101111111100000000000000000000000 
0000000010000000100000000111111101111111100000000000000000000000 
0000000010000000100000000111111101111111100000000000000000000000 
0000000010000000100000000111111101111111100000000000000000000000 
0000000010000000100000000111111101111111100000000000000000000000 
0000000010000000100000000111111101111111100000000000000000000000 
0000000010000000100000000111111101111111100000000000000000000000 
0000000010000000100000000111111101111111100000000000000000000000 
0000000010000000100000000111111101111111100000000000000000000000 
0000000010000000100000000111111101111111100000000000000000000000 
0000000010000000100000000111111101111111100000000000000000000000 
0000000010000000100000000111111101111111100000000000000000000000 
0000000010000000100000000111111101111111100000000000000000000000 
0000000010000000100000000111111101111111100000000000000000000000 
0000000010000000100000000111111101111111100000000000000000000000 
0000000010000000100000000111111101111111100000000000000000000000 
0000000010000000100000000111111101111111100000000000000000000000 
0000000010000000100000000111111101111111100000000000000000000000 
0000000010000000100000000111111101111111100000000000000000000000 
0000000010000000100000000111111101111111100000000000000000000000 
0000000010000000100000000111111101111111100000000000000000000000 
0000000010000000100000000111111101111111100000000000000000000000 
0000000010000000100000000111111101111111100000000000000000000000 
0000000010000000100000000111111101111111100000000000000000000000 
0000000010000000100000000111111101111100100000000000000000000000 
0000000010000000100000000111111101111010100000000000000000000000 
0000000010000000100000000111111101111000100000000000000000000000 
0000000010000000100000000111111101110101100000000000000000000000 
0000000010000000100000000111111101110011100000000000000000000000 
0000000010000000100000000111111101110010100000000000000000000000 
0000000010000000100000000111111101110001100000000000000000000000 
0000000010000000100000000111111101101111100000000000000000000000 
0000000010000000100000000111111101101101100000000000000000000000 
0000000010000000100000000111111101101011100000000000000000000000 
0000000010000000100000000111111101101010100000000000000000000000 
0000000010000000100000000111111101100111100000000000000000000000 
0000000010000000100000000111111101100100100000000000000000000000 
0000000010000000100000000111111101100010100000000000000000000000 
0000000010000000100000000111111101100000100000000000000000000000 
0000000010000000100000000111111101011101100000000000000000000000 
0000000010000000100000000111111101011010100000000000000000000000 
0000000010000000100000000111111101010110100000000000000000000000 
0000000010000000100000000111111101010100100000000000000000000000 
0000000010000000100000000111111101010010100000000000000000000000 
0000000010000000100000000111111101010001100000000000000000000000 
0000000010000000100000000111111101001111100000000000000000000000 
0000000010000000100000000111111101001111100000000000000000000000 
0000000010000000100000000111111101001110100000000000000000000000 
0000000010000000100000000111111101001101100000000000000000000000 
0000000010000000100000000111111101001101100000000000000000000000 
0000000010000000100000000111111101001100100000000000000000000000 
0000000010000000100000000111111101001011100000000000000000000000 
0000000010000000100000000111111101001010100000000000000000000000 
0000000010000000100000000111111101001000100000000000000000000000 
0000000010000000100000000111111101000111100000000000000000000000 
0000000010000000100000000111111101000110100000000000000000000000 
0000000010000000100000000111111101000100100000000000000000000000 
0000000010000000100000000111111101000011100000000000000000000000 
0000000010000000100000000111111101000010100000000000000000000000 
0000000010000000100000000111111101000000100000000000000000000000 
0000000010000000100000000111111100111111100000000000000000000000 
0000000010000000100000000111111100111101100000000000000000000000 
0000000010000000100000000111111100111011100000000000000000000000 
0000000010000000100000000111111100111010100000000000000000000000 
0000000010000000100000000111111100111001100000000000000000000000 
0000000010000000100000000111111100110111100000000000000000000000 
0000000010000000100000000111111100110101100000000000000000000000 
0000000010000000100000000111111100110010100000000000000000000000 
0000000010000000100000000111111100101111100000000000000000000000 
0000000010000000100000000111111100101100100000000000000000000000 
0000000010000000100000000111111100101001100000000000000000000000 
0000000010000000100000000111111100100111100000000000000000000000 
0000000010000000100000000111111100100110100000000000000000000000 
0000000010000000100000000111111100100011100000000000000000000000 
0000000010000000100000000111111100011111100000000000000000000000 
0000000010000000100000000111111100011100100000000000000000000000 
0000000010000000100000000111111100011010100000000000000000000000 
0000000010000000100000000111111100011000100000000000000000000000 
0000000010000000100000000111111100010101100000000000000000000000 
0000000010000000100000000111111100010010100000000000000000000000 
0000000010000000100000000111111100010001100000000000000000000000 
0000000010000000100000000111111100010000100000000000000000000000 
0000000010000000100000000111111100010000100000000000000000000000 
0000000010000000100000000111111100010000100000000000000000000000 
0000000010000000100000000111111100010000100000000000000000000000 
0000000010000000100000000111111100010000100000000000000000000000 
0000000010000000100000000111111100010000100000000000000000000000 
0000000010000000100000000111111100010000100000000000000000000000 
0000000010000000100000000111111100010000100000000000000000000000 
0000000010000000100000000111111100010000100000000000000000000000 
0000000010000000100000000111111100010000100000000000000000000000 
0000000010000000100000000111111100010000100000000000000000000000 
0000000010000000100000000111111100010000100000000000000000000000 
0000000010000000100000000111111100010000100000000000000000000000 
0000000010000000100000000111111100010000100000000000000000000000 
0000000010000000100000000111111100010000100000000000000000000000 
0000000010000000100000000111111100010000100000000000000000000000 
0000000010000000100000000111111100010000100000000000000000000000 
0000000010000000100000000111111100010000100000000000000000000000 
0000000010000000100000000111111100010000100000000000000000000000 
0000000010000000100000000111111100010000100000000000000000000000 
0000000010000000100000000111111100010000100000000000000000000000 
0000000010000000100000000111111100010000100000000000000000000000 
0000000010000000100000000111111100010000100000000000000000000000 
0000000010000000100000000111111100010000100000000000000000000000 
0000000010000000100000000111111100010000100000000000000000000000 
0000000010000000100000000111111100010000100000000000000000000000 
0000000010000000100000000111111100010000100000000000000000000000 
0000000010000000100000000111111100010000100000000000000000000000 
0000000010000000100000000111111100010000100000000000000000000000 
0000000010000000100000000111111100010000100000000000000000000000 
0000000010000000100000000111111100010000100000000000000000000000 
0000000010000000100000000111111100010000100000000000000000000000 
0000000010000000100000000111111100010000100000000000000000000000 
0000000010000000100000000111111100010000100000000000000000000000 
0000000010000000100000000111111100010000100000000000000000000000 
0000000010000000100000000111111100010000100000000000000000000000 
0000000010000000100000000111111100010000100000000000000000000000 
0000000010000000100000000111111100010000100000000000000000000000 
0000000010000000100000000111111100010000100000000000000000000000 
0000000010000000100000000111111100010000100000000000000000000000 
0000000010000000100000000111111100010000100000000000000000000000 
0000000010000000100000000111111100010000100000000000000000000000 
0000000010000000100000000111111100010000100000000000000000000000 
0000000010000000100000000111111100010000100000000000000000000000 
0000000010000000100000000111111100010000100000000000000000000000 
0000000010000000100000000111111100010000100000000000000000000000 
0000000010000000100000000111111100010000100000000000000000000000 
0000000010000000100000000111111100010000100000000000000000000000 
0000000010000000100000000111111100010000100000000000000000000000 
0000000010000000100000000111111100010000100000000000000000000000 
0000000010000000100000000111111100010000100000000000000000000000 
0000000010000000100000000111111100010000100000000000000000000000 
0000000010000000100000000111111100010000100000000000000000000000 
0000000010000000100000000111111100010000100000000000000000000000 
0000000010000000100000000111111100010000100000000000000000000000 
0000000010000000100000000111111100010000100000000000000000000000 
0000000010000000100000000111111100010000100000000000000000000000 
0000000010000000100000000111111100010000100000000000000000000000 
0000000010000000100000000111111100010000100000000000000000000000 
0000000010000000100000000111111100010000100000000000000000000000 
0000000010000000100000000111111100010000100000000000000000000000 
0000000010000000100000000111111100010000100000000000000000000000 
0000000010000000100000000111111100010000100000000000000000000000 
0000000010000000100000000111111100010000100000000000000000000000 
0000000010000000100000000111111100010000100000000000000000000000 
0000000010000000100000000111111100010000100000000000000000000000 
0000000010000000100000000111111100010000100000000000000000000000 
0000000010000000100000000111111100010000100000000000000000000000 
0000000010000000100000000111111100010000100000000000000000000000 
0000000010000000100000000111111100010000100000000000000000000000 
0000000010000000100000000111111100010000100000000000000000000000 
0000000010000000100000000111111100010000100000000000000000000000 
0000000010000000100000000111111100010000100000000000000000000000 
0000000010000000100000000111111100010000100000000000000000000000 
0000000010000000100000000111111100010000100000000000000000000000 
0000000010000000100000000111111100010000100000000000000000000000 
0000000010000000100000000111111100010000100000000000000000000000 
0000000010000000100000000111111100010000100000000000000000000000 
0000000010000000100000000111111100010000100000000000000000000000 
0000000010000000100000000111111100010000100000000000000000000000 
0000000010000000100000000111111100010000100000000000000000000000 
0000000010000000100000000111111100010000100000000000000000000000 
0000000010000000100000000111111100010000100000000000000000000000 
0000000010000000100000000111111100010000100000000000000000000000 
0000000010000000100000000111111100010000100000000000000000000000 
0000000010000000100000000111111100010000100000000000000000000000 
0000000010000000100000000111111100010000100000000000000000000000 
0000000010000000100000000111111100010000100000000000000000000000 
0000000010000000100000000111111100010000100000000000000000000000 
0000000010000000100000000111111100010000100000000000000000000000 
0000000010000000100000000111111100010000100000000000000000000000 
0000000010000000100000000111111100010000100000000000000000000000 
0000000010000000100000000111111100010000100000000000000000000000 
0000000010000000100000000111111100010000100000000000000000000000 
0000000010000000100000000111111100010000100000000000000000000000 
0000000010000000100000000111111100010000100000000000000000000000 
0000000010000000100000000111111100010000100000000000000000000000 
0000000010000000100000000111111100010000100000000000000000000000 
0000000010000000100000000111111100010000100000000000000000000000 
0000000010000000100000000111111100010000100000000000000000000000 
0000000010000000100000000111111100010000100000000000000000000000 
0000000010000000100000000111111100010000100000000000000000000000 
0000000010000000100000000111111100010000100000000000000000000000 
0000000010000000100000000111111100010000100000000000000000000000 
0000000010000000100000000111111100010000100000000000000000000000 
0000000010000000100000000111111100010000100000000000000000000000 
0000000010000000100000000111111100010000100000000000000000000000 
0000000010000000100000000111111100010000100000000000000000000000 
0000000010000000100000000111111100010000100000000000000000000000 
0000000010000000100000000111111100010000100000000000000000000000 
0000000010000000100000000111111100010000100000000000000000000000 
0000000010000000100000000111111100010000100000000000000000000000 
0000000010000000100000000111111100010000100000000000000000000000 
0000000010000000100000000111111100010000100000000000000000000000 
0000000010000000100000000111111100010000100000000000000000000000 
0000000010000000100000000111111100010000100000000000000000000000 
0000000010000000100000000111111100010000100000000000000000000000 
0000000010000000100000000111111100010000100000000000000000000000 
0000000010000000100000000111111100010000100000000000000000000000 
0000000010000000100000000111111100010000100000000000000000000000 
0000000010000000100000000111111100010000100000000000000000000000 
0000000010000000100000000111111100010000100000000000000000000000 
0000000010000000100000000111111100010000100000000000000000000000 
0000000010000000100000000111111100010000100000000000000000000000 
0000000010000000100000000111111100010000100000000000000000000000 
0000000010000000100000000111111100010000100000000000000000000000 
0000000010000000100000000111111100010000100000000000000000000000 
0000000010000000100000000111111100010000100000000000000000000000 
0000000010000000100000000111111100010000100000000000000000000000 
0000000010000000100000000111111100010000100000000000000000000000 
0000000010000000100000000111111100010000100000000000000000000000 
0000000010000000100000000111111100010000100000000000000000000000 
0000000010000000100000000111111100010000100000000000000000000000 
0000000010000000100000000111111100010000100000000000000000000000 
0000000010000000100000000111111100010000100000000000000000000000 
0000000010000000100000000111111100010000100000000000000000000000 
0000000010000000100000000111111100010000100000000000000000000000 
0000000010000000100000000111111100010000100000000000000000000000 
0000000010000000100000000111111100010000100000000000000000000000 
0000000010000000100000000111111100010000100000000000000000000000 
0000000010000000100000000111111100010000100000000000000000000000 
0000000010000000100000000111111100010000100000000000000000000000 
0000000010000000100000000111111100010000100000000000000000000000 
0000000010000000100000000111111100010000100000000000000000000000 
0000000010000000100000000111111100010010100000000000000000000000 
0000000010000000100000000111111100010110100000000000000000000000 
0000000010000000100000000111111100011011100000000000000000000000 
0000000010000000100000000111111100011111100000000000000000000000 
0000000010000000100000000111111100100000100000000000000000000000 
0000000010000000100000000111111100100011100000000000000000000000 
0000000010000000100000000111111100100110100000000000000000000000 
0000000010000000100000000111111100101010100000000000000000000000 
0000000010000000100000000111111100101110100000000000000000000000 
0000000010000000100000000111111100110001100000000000000000000000 
0000000010000000100000000111111100110101100000000000000000000000 
0000000010000000100000000111111100111001100000000000000000000000 
0000000010000000100000000111111101000000100000000000000000000000 
0000000010000000100000000111111101000100100000000000000000000000 
0000000010000000100000000111111101001011100000000000000000000000 
0000000010000000100000000111111101010001100000000000000000000000 
0000000010000000100000000111111101011010100000000000000000000000 
0000000010000000100000000111111101100011100000000000000000000000 
0000000010000000100000000111111101101100100000000000000000000000 
0000000010000000100000000111111101110010100000000000000000000000 
0000000010000000100000000111111101111001100000000000000000000000 
0000000010000000100000000111111101111110100000000000000000000000 
0000000010000000100000000111111101111110100000000000000000000000 
0000000010000000100000000111111101111110100000000000000000000000 
0000000010000000100000000111111101111110100000000000000000000000 
0000000010000000100000000111111101111110100000000000000000000000 
0000000010000000100000000111111101111110100000000000000000000000 
0000000010000000100000000111111101111110100000000000000000000000 
0000000010000000100000000111111101111110100000000000000000000000 
0000000010000000100000000111111101111110100000000000000000000000 
0000000010000000100000000111111101111110100000000000000000000000 
0000000010000000100000000111111101111110100000000000000000000000 
0000000010000000100000000111111101111110100000000000000000000000 
0000000010000000100000000111111101111110100000000000000000000000 
0000000010000000100000000111111101111110100000000000000000000000 
0000000010000000100000000111111101111110100000000000000000000000 
0000000010000000100000000111111101111110100000000000000000000000 
0000000010000000100000000111111101111110100000000000000000000000 
0000000010000000100000000111111101111110100000000000000000000000 
0000000010000000100000000111111101111110100000000000000000000000 
0000000010000000100000000111111101111110100000000000000000000000 
0000000010000000100000000111111101111110100000000000000000000000 
0000000010000000100000000111111101111110100000000000000000000000 
0000000010000000100000000111111101111110100000000000000000000000 
0000000010000000100000000111111101111110100000000000000000000000 
0000000010000000100000000111111101111110100000000000000000000000 
0000000010000000100000000111111101111110100000000000000000000000 
0000000010000000100000000111111101111110100000000000000000000000 
0000000010000000100000000111111101111110100000000000000000000000 
0000000010000000100000000111111101111110100000000000000000000000 
0000000010000000100000000111111101111110100000000000000000000000 
0000000010000000100000000111111101111110100000000000000000000000 
0000000010000000100000000111111101111110100000000000000000000000 
0000000010000000100000000111111101111110100000000000000000000000 
0000000010000000100000000111111101111110100000000000000000000000 
0000000010000000100000000111111101111110100000000000000000000000 
0000000010000000100000000111111101111110100000000000000000000000 
0000000010000000100000000111111101111110100000000000000000000000 
0000000010000000100000000111111101111110100000000000000000000000 
0000000010000000100000000111111101111110100000000000000000000000 
0000000010000000100000000111111101111110100000000000000000000000 
0000000010000000100000000111111101111110100000000000000000000000 
0000000010000000100000000111111101111110100000000000000000000000 
0000000010000000100000000111111101111110100000000000000000000000 
0000000010000000100000000111111101111110100000000000000000000000 
0000000010000000100000000111111101111110100000000000000000000000 
0000000010000000100000000111111101111110100000000000000000000000 
0000000010000000100000000111111101111110100000000000000000000000 
0000000010000000100000000111111101111110100000000000000000000000 
0000000010000000100000000111111101111110100000000000000000000000 
0000000010000000100000000111111101111110100000000000000000000000 
0000000010000000100000000111111101111110100000000000000000000000 
0000000010000000100000000111111101111110100000000000000000000000 
0000000010000000100000000111111101111110100000000000000000000000 
0000000010000000100000000111111101111110100000000000000000000000 
0000000010000000100000000111111101111110100000000000000000000000 
0000000010000000100000000111111101111110100000000000000000000000 
0000000010000000100000000111111101111110100000000000000000000000 
0000000010000000100000000111111101111110100000000000000000000000 
0000000010000000100000000111111101111110100000000000000000000000 
0000000010000000100000000111111101111110100000000000000000000000 
0000000010000000100000000111111101111110100000000000000000000000 
0000000010000000100000000111111101111110100000000000000000000000 
0000000010000000100000000111111101111110100000000000000000000000 
0000000010000000100000000111111101111110100000000000000000000000 
0000000010000000100000000111111101111110100000000000000000000000 
0000000010000000100000000111111101111110100000000000000000000000 
0000000010000000100000000111111101111110100000000000000000000000 
0000000010000000100000000111111101111110100000000000000000000000 
0000000010000000100000000111111101111110100000000000000000000000 
0000000010000000100000000111111101111110100000000000000000000000 
0000000010000000100000000111111101111110100000000000000000000000 
0000000010000000100000000111111101111110100000000000000000000000 
0000000010000000100000000111111101111110100000000000000000000000 
0000000010000000100000000111111101111110100000000000000000000000 
0000000010000000100000000111111101111110100000000000000000000000 
0000000010000000100000000111111101111110100000000000000000000000 
0000000010000000100000000111111101111110100000000000000000000000 
0000000010000000100000000111111101111110100000000000000000000000 
0000000010000000100000000111111101111110100000000000000000000000 
0000000010000000100000000111111101111110100000000000000000000000 
0000000010000000100000000111111101111110100000000000000000000000 
0000000010000000100000000111111101111110100000000000000000000000 
0000000010000000100000000111111101111110100000000000000000000000 
0000000010000000100000000111111101111110100000000000000000000000 
0000000010000000100000000111111101111110100000000000000000000000 
0000000010000000100000000111111101111110100000000000000000000000 
0000000010000000100000000111111101111110100000000000000000000000 
0000000010000000100000000111111101111110100000000000000000000000 
0000000010000000100000000111111101111110100000000000000000000000 
0000000010000000100000000111111101111110100000000000000000000000 
0000000010000000100000000111111101111110100000000000000000000000 
0000000010000000100000000111111101111110100000000000000000000000 
0000000010000000100000000111111101111110100000000000000000000000 
000000001000000010000000011111110111111010000000000000000