111110111111101111111011111110000000000000000 
000000000010000000011111110111111101111111011111110000000000000000 
0000000010000000011111110111111101111111011111110000000000000000 
0000000010000000011111110111111101111111011111110000000000000000 
0000000010000000011111110111111101111111011111110000000000000000 
0000000010000000011111110111111101111111011111110000000000000000 
0000000010000000011111110111111101111111011111110000000000000000 
0000000010000000011111110111111101111111011111110000000000000000 
0000000010000000011111110111111101111111011111110000000000000000 
0000000010000000011111110111111101111111011111110000000000000000 
0000000010000000011111110111111101111111011111110000000000000000 
0000000010000000011111110111111101111111011111110000000000000000 
0000000010000000011111110111111101111111011111110000000000000000 
0000000010000000011111110111111101111111011111110000000000000000 
0000000010000000011111110111111101111111011111110000000000000000 
0000000010000000011111110111111101111111011111110000000000000000 
0000000010000000011111110111111101111111011111110000000000000000 
0000000010000000011111110111111101111111011111110000000000000000 
0000000010000000011111110111111101111111011111110000000000000000 
0000000010000000011111110111111101111111011111110000000000000000 
0000000010000000011111110111111101111111011111110000000000000000 
0000000010000000011111110111111101111111011111110000000000000000 
0000000010000000011111110111111101111111011111110000000000000000 
0000000010000000011111110111111101111111011111110000000000000000 
0000000010000000011111110111111101111111011111110000000000000000 
0000000010000000011111110111111101111111011111110000000000000000 
0000000010000000011111110111111101111111011111110000000000000000 
0000000010000000011111110111111101111111011111110000000000000000 
0000000010000000011111110111111101111111011111110000000000000000 
0000000010000000011111110111111101111111011111110000000000000000 
0000000010000000011111110111111101111111011111110000000000000000 
0000000010000000011111110111111101111111011111110000000000000000 
0000000010000000011111110111111101111111011111110000000000000000 
0000000010000000011111110111111101111111011111110000000000000000 
0000000010000000011111110111111101111111011111110000000000000000 
0000000010000000011111110111111101111111011111110000000000000000 
0000000010000000011111110111111101111111011111110000000000000000 
0000000010000000011111110111111101111111011111110000000000000000 
0000000010000000011111110111111101111111011111110000000000000000 
0000000010000000011111110111111101111111011111110000000000000000 
0000000010000000011111110111111101111111011111110000000000000000 
0000000010000000011111110111111101111111011111110000000000000000 
0000000010000000011111110111111101111111011111110000000000000000 
0000000010000000011111110111111101111111011111110000000000000000 
0000000010000000011111110111111101111111011111110000000000000000 
0000000010000000011111110111111101111111011111110000000000000000 
0000000010000000011111110111111101111111011111110000000000000000 
0000000010000000011111110111111101111111011111110000000000000000 
0000000010000000011111110111111101111111011111110000000000000000 
0000000010000000011111110111111101111111011111110000000000000000 
0000000010000000011111110111111101111111011111110000000000000000 
0000000010000000011111110111111101111111011111110000000000000000 
0000000010000000011111110111111101111111011111110000000000000000 
0000000010000000011111110111111101111111011111110000000000000000 
0000000010000000011111110111111101111111011111110000000000000000 
0000000010000000011111110111111101111111011111110000000000000000 
0000000010000000011111110111111101111111011111110000000000000000 
0000000010000000011111110111111101111111011111110000000000000000 
0000000010000000011111110111111101111111011111110000000000000000 
0000000010000000011111110111111101111111011111110000000000000000 
0000000010000000011111110111111101111111011111110000000000000000 
0000000010000000011111110111111101111111011111110000000000000000 
0000000010000000011111110111111101111111011111110000000000000000 
0000000010000000011111110111111101111111011111110000000000000000 
0000000010000000011111110111111101111111011111110000000000000000 
0000000010000000011111110111111101111111011111110000000000000000 
0000000010000000011111110111111101111111011111110000000000000000 
0000000010000000011111110111111101111111011111110000000000000000 
0000000010000000011111110111111101111111011111110000000000000000 
0000000010000000011111110111111101111111011111110000000000000000 
0000000010000000011111110111111101111111011111110000000000000000 
0000000010000000011111110111111101111111011111110000000000000000 
0000000010000000011111110111111101111111011111110000000000000000 
0000000010000000011111110111111101111111011111110000000000000000 
0000000010000000011111110111111101111111011111110000000000000000 
0000000010000000011111110111111101111111011111110000000000000000 
0000000010000000011111110111111101111111011111110000000000000000 
0000000010000000011111110111111101111111011111110000000000000000 
0000000010000000011111110111111101111111011111110000000000000000 
0000000010000000011111110111111101111111011111110000000000000000 
0000000010000000011111110111111101111111011111110000000000000000 
0000000010000000011111110111111101111111011111110000000000000000 
0000000010000000011111110111111101111111011111110000000000000000 
0000000010000000011111110111111101111111011111110000000000000000 
0000000010000000011111110111111101111111011111110000000000000000 
0000000010000000011111110111111101111111011111110000000000000000 
0000000010000000011111110111111101111111011111110000000000000000 
0000000010000000011111110111111101111111011111110000000000000000 
0000000010000000011111110111111101111111011111110000000000000000 
0000000010000000011111110111111101111111011111110000000000000000 
0000000010000000011111110111111101111111011111110000000000000000 
0000000010000000011111110111111101111111011111110000000000000000 
0000000010000000011111110111111101111111011111110000000000000000 
0000000010000000011111110111111101111111011111110000000000000000 
0000000010000000011111110111111101111111011111110000000000000000 
0000000010000000011111110111111101111111011111110000000000000000 
0000000010000000011111110111111101111111011111110000000000000000 
0000000010000000011111110111111101111111011111110000000000000000 
0000000010000000011111110111111101111111011111110000000000000000 
0000000010000000011111110111111101111111011111110000000000000000 
0000000010000000011111110111111101111111011111110000000000000000 
0000000010000000011111110111111101111111011111110000000000000000 
0000000010000000011111110111111101111111011111110000000000000000 
0000000010000000011111110111111101111111011111110000000000000000 
0000000010000000011111110111111101111111011111110000000000000000 
0000000010000000011111110111111101111111011111110000000000000000 
0000000010000000011111110111111101111111011111110000000000000000 
0000000010000000011111110111111101111111011111110000000000000000 
0000000010000000011111110111111101111111011111110000000000000000 
0000000010000000011111110111111101111111011111110000000000000000 
0000000010000000011111110111111101111111011111110000000000000000 
0000000010000000011111110111111101111111011111110000000000000000 
0000000010000000011111110111111101111111011111110000000000000000 
0000000010000000011111110111111101111111011111110000000000000000 
0000000010000000011111110111111101111111011111110000000000000000 
0000000010000000011111110111111101111111011111110000000000000000 
0000000010000000011111110111111101111111011111110000000000000000 
0000000010000000011111110111111101111111011111110000000000000000 
0000000010000000011111110111111101111111011111110000000000000000 
0000000010000000011111110111111101111111011111110000000000000000 
0000000010000000011111110111111101111111011111110000000000000000 
0000000010000000011111110111111101111111011111110000000000000000 
0000000010000000011111110111111101111111011111110000000000000000 
0000000010000000011111110111111101111111011111110000000000000000 
0000000010000000011111110111111101111111011111110000000000000000 
0000000010000000011111110111111101111111011111110000000000000000 
0000000010000000011111110111111101111111011111110000000000000000 
0000000010000000011111110111111101111111011111110000000000000000 
0000000010000000011111110111111101111111011111110000000000000000 
0000000010000000011111110111111101111111011111110000000000000000 
0000000010000000011111110111111101111111011111110000000000000000 
0000000010000000011111110111111101111111011111110000000000000000 
0000000010000000011111110111111101111111011111110000000000000000 
0000000010000000011111110111111101111111011111110000000000000000 
0000000010000000011111110111111101111111011111110000000000000000 
0000000010000000011111110111111101111111011111110000000000000000 
0000000010000000011111110111111101111111011111110000000000000000 
0000000010000000011111110111111101111111011111110000000000000000 
0000000010000000011111110111111101111111011111110000000000000000 
0000000010000000011111110111111101111111011111110000000000000000 
0000000010000000011111110111111101111111011111110000000000000000 
0000000010000000011111110111111101111111011111110000000000000000 
0000000010000000011111110111111101111111011111110000000000000000 
0000000010000000011111110111111101111111011111110000000000000000 
0000000010000000011111110111111101111111011111110000000000000000 
0000000010000000011111110111111101111111011111110000000000000000 
0000000010000000011111110111111101111111011111110000000000000000 
0000000010000000011111110111111101111111011111110000000000000000 
0000000010000000011111110111111101111111011111110000000000000000 
0000000010000000011111110111111101111111011111110000000000000000 
0000000010000000011111110111111101111111011111110000000000000000 
0000000010000000011111110111111101111111011111110000000000000000 
0000000010000000011111110111111101111111011111110000000000000000 
0000000010000000011111110111111101111111011111110000000000000000 
0000000010000000011111110111111101111111011111110000000000000000 
0000000010000000011111110111111101111111011111110000000000000000 
0000000010000000011111110111111101111111011111110000000000000000 
0000000010000000011111110111111101111111011111110000000000000000 
0000000010000000011111110111111101111111011111110000000000000000 
0000000010000000011111110111111101111111011111110000000000000000 
0000000010000000011111110111111101111111011111110000000000000000 
0000000010000000011111110111111101111111011111110000000000000000 
0000000010000000011111110111111101111111011111110000000000000000 
0000000010000000011111110111111101111111011111110000000000000000 
0000000010000000011111110111111101111111011111110000000000000000 
0000000010000000011111110111111101111111011111110000000000000000 
0000000010000000011111110111111101111111011111110000000000000000 
0000000010000000011111110111111101111111011111110000000000000000 
0000000010000000011111110111111101111111011111110000000000000000 
0000000010000000011111110111111101111111011111110000000000000000 
0000000010000000011111110111111101111111011111110000000000000000 
0000000010000000011111110111111101111111011111110000000000000000 
0000000010000000011111110111111101111111011111110000000000000000 
0000000010000000011111110111111101111111011111110000000000000000 
0000000010000000011111110111111101111111011111110000000000000000 
0000000010000000011111110111111101111111011111110000000000000000 
0000000010000000011111110111111101111111011111110000000000000000 
0000000010000000011111110111111101111111011111110000000000000000 
0000000010000000011111110111111101111111011111110000000000000000 
0000000010000000011111110111111101111111011111110000000000000000 
0000000010000000011111110111111101111111011111110000000000000000 
0000000010000000011111110111111101111111011111110000000000000000 
0000000010000000011111110111111101111111011111110000000000000000 
0000000010000000011111110111111101111111011111110000000000000000 
0000000010000000011111110111111101111111011111110000000000000000 
0000000010000000011111110111111101111111011111110000000000000000 
0000000010000000011111110111111101111111011111110000000000000000 
0000000010000000011111110111111101111111011111110000000000000000 
0000000010000000011111110111111101111111011111110000000000000000 
0000000010000000011111110111111101111111011111110000000000000000 
0000000010000000011111110111111101111111011111110000000000000000 
0000000010000000011111110111111101111111011111110000000000000000 
0000000010000000011111110111111101111111011111110000000000000000 
0000000010000000011111110111111101111111011111110000000000000000 
0000000010000000011111110111111101111111011111110000000000000000 
0000000010000000011111110111111101111111011111110000000000000000 
0000000010000000011111110111111101111111011111110000000000000000 
0000000010000000011111110111111101111111011111110000000000000000 
0000000010000000011111110111111101111111011111110000000000000000 
0000000010000000011111110111111101111111011111110000000000000000 
0000000010000000011111110111111101111111011111110000000000000000 
0000000010000000011111110111111101111111011111110000000000000000 
0000000010000000011111110111111101111111011111110000000000000000 
0000000010000000011111110111111101111111011111110000000000000000 
0000000010000000011111110111111101111111011111110000000000000000 
0000000010000000011111110111111101111111011111110000000000000000 
0000000010000000011111110111111101111111011111110000000000000000 
0000000010000000011111110111111101111111011111110000000000000000 
0000000010000000011111110111111101111111011111110000000000000000 
0000000010000000011111110111111101111111011111110000000000000000 
0000000010000000011111110111111101111111011111110000000000000000 
0000000010000000011111110111111101111111011111110000000000000000 
0000000010000000011111110111111101111111011111110000000000000000 
0000000010000000011111110111111101111111011111110000000000000000 
0000000010000000011111110111111101111111011111110000000000000000 
0000000010000000011111110111111101111111011111110000000000000000 
0000000010000000011111110111111101111111011111110000000000000000 
0000000010000000011111110111111101111111011111110000000000000000 
0000000010000000011111110111111101111111011111110000000000000000 
0000000010000000011111110111111101111111011111110000000000000000 
0000000010000000011111110111111101111111011111110000000000000000 
0000000010000000011111110111111101111111011111110000000000000000 
0000000010000000011111110111111101111111011111110000000000000000 
0000000010000000011111110111111101111111011111110000000000000000 
0000000010000000011111110111111101111111011111110000000000000000 
0000000010000000011111110111111101111111011111110000000000000000 
0000000010000000011111110111111101111111011111110000000000000000 
0000000010000000011111110111111101111111011111110000000000000000 
0000000010000000011111110111111101111111011111110000000000000000 
0000000010000000011111110111111101111111011111110000000000000000 
0000000010000000011111110111111101111111011111110000000000000000 
0000000010000000011111110111111101111111011111110000000000000000 
0000000010000000011111110111111101111111011111110000000000000000 
0000000010000000011111110111111101111111011111110000000000000000 
0000000010000000011111110111111101111111011111110000000000000000 
0000000010000000011111110111111101111111011111110000000000000000 
0000000010000000011111110111111101111111011111110000000000000000 
0000000010000000011111110111111101111111011111110000000000000000 
0000000010000000011111110111111101111111011111110000000000000000 
0000000010000000011111110111111101111111011111110000000000000000 
0000000010000000011111110111111101111111011111110000000000000000 
0000000010000000011111110111111101111111011111110000000000000000 
0000000010000000011111110111111101111111011111110000000000000000 
0000000010000000011111110111111101111111011111110000000000000000 
0000000010000000011111110111111101111111011111110000000000000000 
0000000010000000011111110111111101111111011111110000000000000000 
0000000010000000011111110111111101111111011111110000000000000000 
0000000010000000011111110111111101111111011111110000000000000000 
0000000010000000011111110111111101111111011111110000000000000000 
0000000010000000011111110111111101111111011111110000000000000000 
0000000010000000011111110111111101111111011111110000000000000000 
0000000010000000011111110111111101111111011111110000000000000000 
0000000010000000011111110111111101111111011111110000000000000000 
0000000010000000011111110111111101111111011111110000000000000000 
0000000010000000011111110111111101111111011111110000000000000000 
0000000010000000011111110111111101111111011111110000000000000000 
0000000010000000011111110111111101111111011111110000000000000000 
0000000010000000011111110111111101111111011111110000000000000000 
0000000010000000011111110111111101111111011111110000000000000000 
0000000010000000011111110111111101111111011111110000000000000000 
0000000010000000011111110111111101111111011111110000000000000000 
0000000010000000011111110111111101111111011111110000000000000000 
0000000010000000011111110111111101111111011111110000000000000000 
0000000010000000011111110111111101111111011111110000000000000000 
0000000010000000011111110111111101111111011111110000000000000000 
0000000010000000011111110111111101111111011111110000000000000000 
0000000010000000011111110111111101111111011111110000000000000000 
0000000010000000011111110111111101111111011111110000000000000000 
0000000010000000011111110111111101111111011111110000000000000000 
0000000010000000011111110111111101111111011111110000000000000000 
0000000010000000011111110111111101111111011111110000000000000000 
0000000010000000011111110111111101111111011111110000000000000000 
0000000010000000011111110111111101111111011111110000000000000000 
0000000010000000011111110111111101111111011111110000000000000000 
0000000010000000011111110111111101111111011111110000000000000000 
0000000010000000011111110111111101111111011111110000000000000000 
0000000010000000011111110111111101111111011111110000000000000000 
0000000010000000011111110111111101111111011111110000000000000000 
0000000010000000011111110111111101111111011111110000000000000000 
0000000010000000011111110111111101111111011111110000000000000000 
0000000010000000011111110111111101111111011111110000000000000000 
0000000010000000011111110111111101111111011111110000000000000000 
0000000010000000011111110111111101111111011111110000000000000000 
0000000010000000011111110111111101111111011111110000000000000000 
0000000010000000011111110111111101111111011111110000000000000000 
0000000010000000011111110111111101111111011111110000000000000000 
0000000010000000011111110111111101111111011111110000000000000000 
0000000010000000011111110111111101111111011111110000000000000000 
0000000010000000011111110111111101111111011111110000000000000000 
0000000010000000011111110111111101111111011111110000000000000000 
0000000010000000011111110111111101111111011111110000000000000000 
0000000010000000011111110111111101111111011111110000000000000000 
0000000010000000011111110111111101111111011111110000000000000000 
0000000010000000011111110111111101111111011111110000000000000000 
0000000010000000011111110111111101111111011111110000000000000000 
0000000010000000011111110111111101111111011111110000000000000000 
0000000010000000011111110111111101111111011111110000000000000000 
0000000010000000011111110111111101111111011111110000000000000000 
0000000010000000011111110111111101111111011111110000000000000000 
0000000010000000011111110111111101111111011111110000000000000000 
0000000010000000011111110111111101111111011111110000000000000000 
0000000010000000011111110111111101111111011111110000000000000000 
0000000010000000011111110111111101111111011111110000000000000000 
0000000010000000011111110111111101111111011111110000000000000000 
0000000010000000011111110111111101111111011111110000000000000000 
0000000010000000011111110111111101111111011111110000000000000000 
0000000010000000011111110111111101111111011111110000000000000000 
0000000010000000011111110111111101111111011111110000000000000000 
0000000010000000011111110111111101111111011111110000000000000000 
0000000010000000011111110111111101111111011111110000000000000000 
0000000010000000011111110111111101111111011111110000000000000000 
0000000010000000011111110111111101111111011111110000000000000000 
0000000010000000011111110111111101111111011111110000000000000000 
0000000010000000011111110111111101111111011111110000000000000000 
0000000010000000011111110111111101111111011111110000000000000000 
0000000010000000011111110111111101111111011111110000000000000000 
0000000010000000011111110111111101111111011111110000000000000000 
0000000010000000011111110111111101111111011111110000000000000000 
0000000010000000011111110111111101111111011111110000000000000000 
0000000010000000011111110111111101111111011111110000000000000000 
0000000010000000011111110111111101111111011111110000000000000000 
0000000010000000011111110111111101111111011111110000000000000000 
0000000010000000011111110111111101111111011111110000000000000000 
0000000010000000011111110111111101111111011111110000000000000000 
0000000010000000011111110111111101111111011111110000000000000000 
0000000010000000011111110111111101111111011111110000000000000000 
0000000010000000011111110111111101111111011111110000000000000000 
0000000010000000011111110111111101111111011111110000000000000000 
0000000010000000011111110111111101111111011111110000000000000000 
0000000010000000011111110111111101111111011111110000000000000000 
0000000010000000011111110111111101111111011111110000000000000000 
0000000010000000011111110111111101111111011111110000000000000000 
0000000010000000011111110111111101111111011111110000000000000000 
0000000010000000011111110111111101111111011111110000000000000000 
0000000010000000011111110111111101111111011111110000000000000000 
0000000010000000011111110111111101111111011111110000000000000000 
0000000010000000011111110111111101111111011111110000000000000000 
0000000010000000011111110111111101111111011111110000000000000000 
0000000010000000011111110111111101111111011111110000000000000000 
0000000010000000011111110111111101111111011111110000000000000000 
0000000010000000011111110111111101111111011111110000000000000000 
0000000010000000011111110111111101111111011111110000000000000000 
0000000010000000011111110111111101111111011111110000000000000000 
0000000010000000011111110111111101111111011111110000000000000000 
0000000010000000011111110111111101111111011111110000000000000000 
0000000010000000011111110111111101111111011111110000000000000000 
0000000010000000011111110111111101111111011111110000000000000000 
0000000010000000011111110111111101111111011111110000000000000000 
0000000010000000011111110111111101111111011111110000000000000000 
0000000010000000011111110111111101111111011111110000000000000000 
0000000010000000011111110111111101111111011111110000000000000000 
0000000010000000011111110111111101111111011111110000000000000000 
0000000010000000011111110111111101111111011111110000000000000000 
0000000010000000011111110111111101111111011111110000000000000000 
0000000010000000011111110111111101111111011111110000000000000000 
0000000010000000011111110111111101111111011111110000000000000000 
0000000010000000011111110111111101111111011111110000000000000000 
0000000010000000011111110111111101111111011111110000000000000000 
0000000010000000011111110111111101111111011111110000000000000000 
0000000010000000011111110111111101111111011111110000000000000000 
0000000010000000011111110111111101111111011111110000000000000000 
0000000010000000011111110111111101111111011111110000000000000000 
0000000010000000011111110111111101111111011111110000000000000000 
0000000010000000011111110111111101111111011111110000000000000000 
0000000010000000011111110111111101111111011111110000000000000000 
0000000010000000011111110111111101111111011111110000000000000000 
0000000010000000011111110111111101111111011111110000000000000000 
0000000010000000011111110111111101111111011111110000000000000000 
0000000010000000011111110111111101111111011111110000000000000000 
0000000010000000011111110111111101111111011111110000000000000000 
0000000010000000011111110111111101111111011111110000000000000000 
0000000010000000011111110111111101111111011111110000000000000000 
0000000010000000011111110111111101111111011111110000000000000000 
0000000010000000011111110111111101111111011111110000000000000000 
0000000010000000011111110111111101111111011111110000000000000000 
0000000010000000011111110111111101111111011111110000000000000000 
0000000010000000011111110111111101111111011111110000000000000000 
0000000010000000011111110111111101111111011111110000000000000000 
0000000010000000011111110111111101111111011111110000000000000000 
0000000010000000011111110111111101111111011111110000000000000000 
0000000010000000011111110111111101111111011111110000000000000000 
0000000010000000011111110111111101111111011111110000000000000000 
0000000010000000011111110111111101111111011111110000000000000000 
0000000010000000011111110111111101111111011111110000000000000000 
0000000010000000011111110111111101111111011111110000000000000000 
0000000010000000011111110111111101111111011111110000000000000000 
0000000010000000011111110111111101111111011111110000000000000000 
0000000010000000011111110111111101111111011111110000000000000000 
0000000010000000011111110111111101111111011111110000000000000000 
0000000010000000011111110111111101111111011111110000000000000000 
0000000010000000011111110111111101111111011111110000000000000000 
0000000010000000011111110111111101111111011111110000000000000000 
0000000010000000011111110111111101111111011111110000000000000000 
0000000010000000011111110111111101111111011111110000000000000000 
0000000010000000011111110111111101111111011111110000000000000000 
0000000010000000011111110111111101111111011111110000000000000000 
0000000010000000011111110111111101111111011111110000000000000000 
0000000010000000011111110111111101111111011111110000000000000000 
0000000010000000011111110111111101111111011111110000000000000000 
0000000010000000011111110111111101111111011111110000000000000000 
0000000010000000011111110111111101111111011111110000000000000000 
0000000010000000011111110111111101111111011111110000000000000000 
0000000010000000011111110111111101111111011111110000000000000000 
0000000010000000011111110111111101111111011111110000000000000000 
0000000010000000011111110111111101111111011111110000000000000000 
0000000010000000011111110111111101111111011111110000001000000000 
0000000010000000011111110111111101111111011111110000010000000000 
0000000010000000011111110111111101111111011111110000010100000000 
0000000010000000011111110111111101111111011111110000010100000000 
0000000010000000011111110111111101111111011111110000011100000000 
0000000010000000011111110111111101111111011111110000101000000000 
0000000010000000011111110111111101111111011111110000110100000000 
0000000010000000011111110111111101111111011111110000111100000000 
0000000010000000011111110111111101111111011111110000111100000000 
0000000010000000011111110111111101111111011111110000111100000000 
0000000010000000011111110111111101111111011111110000111100000000 
0000000010000000011111110111111101111111011111110000111100000000 
0000000010000000011111110111111101111111011111110000111100000000 
0000000010000000011111110111111101111111011111110001000000000000 
0000000010000000011111110111111101111111011111110001000000000000 
0000000010000000011111110111111101111111011111110001000000000000 
0000000010000000011111110111111101111111011111110001000000000000 
0000000010000000011111110111111101111111011111110001000000000000 
0000000010000000011111110111111101111111011111110001000000000000 
0000000010000000011111110111111101111111011111110001000000000000 
0000000010000000011111110111111101111111011111110001010000000000 
0000000010000000011111110111111101111111011111110001100100000000 
0000000010000000011111110111111101111111011111110001101100000000 
0000000010000000011111110111111101111111011111110001110100000000 
0000000010000000011111110111111101111111011111110010000000000000 
0000000010000000011111110111111101111111011111110010000100000000 
0000000010000000011111110111111101111111011111110010001000000000 
0000000010000000011111110111111101111111011111110010001100000000 
0000000010000000011111110111111101111111011111110010010000000000 
0000000010000000011111110111111101111111011111110010010000000000 
0000000010000000011111110111111101111111011111110010010100000000 
0000000010000000011111110111111101111111011111110010010100000000 
0000000010000000011111110111111101111111011111110010010100000000 
0000000010000000011111110111111101111111011111110010010100000000 
0000000010000000011111110111111101111111011111110010010100000000 
0000000010000000011111110111111101111111011111110010010100000000 
0000000010000000011111110111111101111111011111110010010100000000 
0000000010000000011111110111111101111111011111110010010100000000 
0000000010000000011111110111111101111111011111110010011000000000 
0000000010000000011111110111111101111111011111110010010100000000 
0000000010000000011111110111111101111111011111110010011000000000 
0000000010000000011111110111111101111111011111110010011000000000 
0000000010000000011111110111111101111111011111110010011000000000 
0000000010000000011111110111111101111111011111110010011000000000 
0000000010000000011111110111111101111111011111110010011000000000 
0000000010000000011111110111111101111111011111110010011000000000 
0000000010000000011111110111111101111111011111110010011000000000 
0000000010000000011111110111111101111111011111110010011000000000 
0000000010000000011111110111111101111111011111110010011000000000 
0000000010000000011111110111111101111111011111110010011000000000 
0000000010000000011111110111111101111111011111110010011000000000 
0000000010000000011111110111111101111111011111110010011000000000 
0000000010000000011111110111111101111111011111110010011000000000 
0000000010000000011111110111111101111111011111110010011000000000 
0000000010000000011111110111111101111111011111110010011000000000 
0000000010000000011111110111111101111111011111110010011000000000 
0000000010000000011111110111111101111111011111110010011000000000 
0000000010000000011111110111111101111111011111110010011000000000 
0000000010000000011111110111111101111111011111110010011000000000 
0000000010000000011111110111111101111111011111110010011000000000 
0000000010000000011111110111111101111111011111110010011000000000 
0000000010000000011111110111111101111111011111110010011100000000 
0000000010000000011111110111111101111111011111110010011100000000 
0000000010000000011111110111111101111111011111110010011100000000 
0000000010000000011111110111111101111111011111110010101000000000 
0000000010000000011111110111111101111111011111110011001000000000 
0000000010000000011111110111111101111111011111110011100000000000 
0000000010000000011111110111111101111111011111110011110000000000 
0000000010000000011111110111111101111111011111110011111100000000 
0000000010000000011111110111111101111111011111110100000100000000 
0000000010000000011111110111111101111111011111110100001000000000 
0000000010000000011111110111111101111111011111110100001100000000 
0000000010000000011111110111111101111111011111110100010000000000 
0000000010000000011111110111111101111111011111110100010000000000 
0000000010000000011111110111111101111111011111110100010000000000 
0000000010000000011111110111111101111111011111110100010000000000 
0000000010000000011111110111111101111111011111110100010100000000 
0000000010000000011111110111111101111111011111110100010100000000 
0000000010000000011111110111111101111111011111110100010100000000 
0000000010000000011111110111111101111111011111110100010100000000 
0000000010000000011111110111111101111111011111110100010100000000 
0000000010000000011111110111111101111111011111110100010100000000 
0000000010000000011111110111111101111111011111110100010100000000 
0000000010000000011111110111111101111111011111110100010100000000 
0000000010000000011111110111111101111111011111110100010000000000 
0000000010000000011111110111111101111111011111110100010100000000 
0000000010000000011111110111111101111111011111110100010100000000 
0000000010000000011111110111111101111111011111110100010100000000 
0000000010000000011111110111111101111111011111110100010100000000 
0000000010000000011111110111111101111111011111110100010100000000 
0000000010000000011111110111111101111111011111110100010100000000 
0000000010000000011111110111111101111111011111110100010100000000 
0000000010000000011111110111111101111111011111110100010100000000 
0000000010000000011111110111111101111111011111110100010100000000 
0000000010000000011111110111111101111111011111110100010100000000 
0000000010000000011111110111111101111111011111110100010100000000 
0000000010000000011111110111111101111111011111110100010100000000 
0000000010000000011111110111111101111111011111110100010100000000 
0000000010000000011111110111111101111111011111110100010100000000 
0000000010000000011111110111111101111111011111110100010100000000 
0000000010000000011111110111111101111111011111110100010100000000 
0000000010000000011111110111111101111111011111110100010100000000 
0000000010000000011111110111111101111111011111110100010100000000 
0000000010000000011111110111111101111111011111110100010100000000 
0000000010000000011111110111111101111111011111110100010100000000 
0000000010000000011111110111111101111111011111110100010100000000 
0000000010000000011111110111111101111111011111110100010100000000 
0000000010000000011111110111111101111111011111110100010100000000 
0000000010000000011111110111111101111111011111110100010100000000 
0000000010000000011111110111111101111111011111110100010100000000 
0000000010000000011111110111111101111111011111110100010100000000 
0000000010000000011111110111111101111111011111110100010100000000 
0000000010000000011111110111111101111111011111110100010100000000 
0000000010000000011111110111111101111111011111110100010100000000 
0000000010000000011111110111111101111111011111110100010100000000 
0000000010000000011111110111111101111111011111110100010100000000 
0000000010000000011111110111111101111111011111110100010100000000 
0000000010000000011111110111111101111111011111110100010100000000 
0000000010000000011111110111111101111111011111110100011000000000 
0000000010000000011111110111111101111111011111110100011000000000 
0000000010000000011111110111111101111111011111110100011000000000 
0000000010000000011111110111111101111111011111110100011000000000 
0000000010000000011111110111111101111111011111110100011000000000 
0000000010000000011111110111111101111111011111110100011000000000 
0000000010000000011111110111111101111111011111110100011000000000 
0000000010000000011111110111111101111111011111110100011000000000 
0000000010000000011111110111111101111111011111110100011000000000 
0000000010000000011111110111111101111111011111110100011000000000 
0000000010000000011111110111111101111111011111110100011000000000 
0000000010000000011111110111111101111111011111110100011100000000 
0000000010000000011111110111111101111111011111110100100100000000 
0000000010000000011111110111111101111111011111110100111000000000 
0000000010000000011111110111111101111111011111110101000000000000 
0000000010000000011111110111111101111111011111110101000100000000 
0000000010000000011111110111111101111111011111110101100000000000 
0000000010000000011111110111111101111111011111110101110100000000 
0000000010000000011111110111111101111111011111110110000100000000 
0000000010000000011111110111111101111111011111110110001100000000 
0000000010000000011111110111111101111111011111110110010000000000 
0000000010000000011111110111111101111111011111110110010100000000 
0000000010000000011111110111111101111111011111110110010100000000 
0000000010000000011111110111111101111111011111110110010100000000 
0000000010000000011111110111111101111111011111110110010100000000 
0000000010000000011111110111111101111111011111110110010100000000 
0000000010000000011111110111111101111111011111110110010100000000 
0000000010000000011111110111111101111111011111110110010100000000 
0000000010000000011111110111111101111111011111110110010100000000 
0000000010000000011111110111111101111111011111110110010100000000 
0000000010000000011111110111111101111111011111110110010100000000 
0000000010000000011111110111111101111111011111110110010100000000 
0000000010000000011111110111111101111111011111110110010100000000 
0000000010000000011111110111111101111111011111110110010100000000 
0000000010000000011111110111111101111111011111110110010100000000 
0000000010000000011111110111111101111111011111110110010100000000 
0000000010000000011111110111111101111111011111110110010100000000 
0000000010000000011111110111111101111111011111110110010100000000 
0000000010000000011111110111111101111111011111110110010100000000 
0000000010000000011111110111111101111111011111110110010100000000 
0000000010000000011111110111111101111111011111110110010100000000 
0000000010000000011111110111111101111111011111110110010100000000 
0000000010000000011111110111111101111111011111110110011000000000 
0000000010000000011111110111111101111111011111110110101100000000 
0000000010000000011111110111111101111111011111110110101100000000 
0000000010000000011111110111111101111111011111110110110000000000 
0000000010000000011111110111111101111111011111110110110100000000 
0000000010000000011111110111111101111111011111110111000000000000 
0000000010000000011111110111111101111111011111110111001000000000 
0000000010000000011111110111111101111111011111110111001100000000 
0000000010000000011111110111111101111111011111110111001100000000 
0000000010000000011111110111111101111111011111110111010000000000 
0000000010000000011111110111111101111111011111110111010000000000 
0000000010000000011111110111111101111111011111110111010000000000 
0000000010000000011111110111111101111111011111110111010000000000 
0000000010000000011111110111111101111111011111110111010000000000 
0000000010000000011111110111111101111111011111110111001100000000 
0000000010000000011111110111111101111111011111110111010000000000 
0000000010000000011111110111111101111111011111110111010000000000 
0000000010000000011111110111111101111111011111110111010000000000 
0000000010000000011111110111111101111111011111110111010000000000 
0000000010000000011111110111111101111111011111110111010000000000 
0000000010000000011111110111111101111111011111110111010000000000 
0000000010000000011111110111111101111111011111110111010000000000 
0000000010000000011111110111111101111111011111110111010100000000 
0000000010000000011111110111111101111111011111110111100000000000 
0000000010000000011111110111111101111111011111110111100100000000 
0000000010000000011111110111111101111111011111110111101000000000 
0000000010000000011111110111111101111111011111110111101100000000 
0000000010000000011111110111111101111111011111110111101100000000 
0000000010000000011111110111111101111111011111110111101100000000 
0000000010000000011111110111111101111111011111110111110000000000 
0000000010000000011111110111111101111111011111110111110000000000 
0000000010000000011111110111111101111111011111110111110100000000 
0000000010000000011111110111111101111111011111110111111000000000 
0000000010000000011111110111111101111111011111110111111100000000 
0000000010000000011111110111111101111111011111110111111100000000 
0000000010000000011111110111111101111111011111110111111100000000 
0000000010000000011111110111111101111111011111110111111100000000 
0000000010000000011111110111111101111111011111110111111100000000 
0000000010000000011111110111111101111111011111111000000000000000 
0000000010000000011111110111111101111111011111111000000000000000 
0000000010000000011111110111111101111111011111111000000100000000 
0000000010000000011111110111111101111111011111111000001000000000 
0000000010000000011111110111111101111111011111111000001100000000 
0000000010000000011111110111111101111111011111111000010000000000 
0000000010000000011111110111111101111111011111111000010000000000 
0000000010000000011111110111111101111111011111111000010100000000 
0000000010000000011111110111111101111111011111111000011000000000 
0000000010000000011111110111111101111111011111111000011100000000 
0000000010000000011111110111111101111111011111111000100000000000 
0000000010000000011111110111111101111111011111111000100100000000 
0000000010000000011111110111111101111111011111111000101000000000 
0000000010000000011111110111111101111111011111111000101100000000 
0000000010000000011111110111111101111111011111111000110000000000 
0000000010000000011111110111111101111111011111111000110100000000 
0000000010000000011111110111111101111111011111111000111100000000 
0000000010000000011111110111111101111111011111111001000000000000 
0000000010000000011111110111111101111111011111111001001000000000 
0000000010000000011111110111111101111111011111111001010000000000 
0000000010000000011111110111111101111111011111111001010100000000 
0000000010000000011111110111111101111111011111111001010100000000 
0000000010000000011111110111111101111111011111111001011000000000 
0000000010000000011111110111111101111111011111111001011100000000 
0000000010000000011111110111111101111111011111111001100000000000 
0000000010000000011111110111111101111111011111111001101100000000 
0000000010000000011111110111111101111111011111111001110100000000 
0000000010000000011111110111111101111111011111111001111000000000 
0000000010000000011111110111111101111111011111111001111100000000 
0000000010000000011111110111111101111111011111111010000000000000 
0000000010000000011111110111111101111111011111111010000100000000 
0000000010000000011111110111111101111111011111111010010000000000 
0000000010000000011111110111111101111111011111111010011100000000 
0000000010000000011111110111111101111111011111111010100100000000 
0000000010000000011111110111111101111111011111111010110000000000 
0000000010000000011111110111111101111111011111111011000000000000 
0000000010000000011111110111111101111111011111111011011100000000 
0000000010000000011111110111111101111111011111111100010100000000 
0000000010000000011111110111111101111111011111111111111100000000 
0000000011000000011111110111111101111111011111111111111100000000 
0000000011000000011111110111111101111111011111111111111100000000 
0000000011000000011111110111111101111111011111111111111100000000 
0000000011000000011111110111111101111111011111111111111100000000 
0000000011000000011111110111111101111111011111111111111100000000 
0000000011000000011111110111111101111111011111111111111100000000 
0000000011000000011111110111111101111111011111111111111100000000 
0000000011000000011111110111111101111111011111111111111100000000 
0000000011000000011111110111111101111111011111111111111100000000 
0000000011000000011111110111111101111111011111111111111100000000 
0000000011000000011111110111111101111111011111111111111100000000 
0000000011000000011111110111111101111111011111111111111100000000 
0000000011000000011111110111111101111111011111111111111100000000 
0000000011000000011111110111111101111111011111111111111100000000 
0000000011000000011111110111111101111111011111111111111100000000 
0000000011000000011111110111111101111111011111111111111100000000 
0000000011000000011111110111111101111111011111111111111100000000 
0000000011000000011111110111111101111111011111111111111100000000 
0000000011000000011111110111111101111111011111111111111100000000 
0000000011000000011111110111111101111111011111111111111100000000 
0000000011000000011111110111111101111111011111111111111100000000 
0000000011000000011111110111111101111111011111111111111100000000 
0000000011000000011111110111111101111111011111111111111100000000 
0000000011000000011111110111111101111111011111111111111100000000 
0000000011000000011111110111111101111111011111111111111100000000 
0000000011000000011111110111111101111111011111111111111100000000 
0000000011000000011111110111111101111111011111111111111100000000 
0000000011000000011111110111111101111111011111111111111100000000 
0000000011000000011111110111111101111111011111111111111100000000 
0000000011000000011111110111111101111111011111111111111100000000 
0000000011000000011111110111111101111111011111111111111100000000 
0000000011000000011111110111111101111111011111111111111100000000 
0000000011000000011111110111111101111111011111111111111100000000 
0000000011000000011111110111111101111111011111111111111100000000 
0000000011000000011111110111111101111111011111111111111100000000 
0000000011000000011111110111111101111111011111111111111100000000 
0000000011000000011111110111111101111111011111111111111100000000 
0000000011000000011111110111111101111111011111111111111100000000 
0000000011000000011111110111111101111111011111111111111100000000 
0000000011000000011111110111111101111111011111111111111100000000 
0000000011000000011111110111111101111111011111111111111100000000 
0000000011000000011111110111111101111111011111111111111100000000 
0000000011000000011111110111111101111111011111111111111100000000 
0000000011000000011111110111111101111111011111111111111100000000 
0000000011000000011111110111111101111111011111111111111100000000 
0000000011000000011111110111111101111111011111111111111100000000 
0000000011000000011111110111111101111111011111111111111100000000 
0000000011000000011111110111111101111111011111111111111100000000 
0000000011000000011111110111111101111111011111111111111100000000 
0000000011000000011111110111111101111111011111111111111100000000 
0000000011000000011111110111111101111111011111111111111100000000 
0000000011000000011111110111111101111111011111111111111100000000 
0000000011000000011111110111111101111111011111111111111100000000 
0000000011000000011111110111111101111111011111111111111100000000 
0000000011000000011111110111111101111111011111111111111100000000 
0000000011000000011111110111111101111111011111111111111100000000 
0000000011000000011111110111111101111111011111111111111100000000 
0000000011000000011111110111111101111111011111111111111100000000 
0000000011000000011111110111111101111111011111111111111100000000 
0000000011000000011111110111111101111111011111111111111100000000 
0000000011000000011111110111111101111111011111111111111100000000 
0000000011000000011111110111111101111111011111111111111100000000 
0000000011000000011111110111111101111111011111111111111100000000 
0000000011000000011111110111111101111111011111111111111100000000 
0000000011000000011111110111111101111111011111111111111100000000 
0000000011000000011111110111111101111111011111111111111100000000 
0000000011000000011111110111111101111111011111111111111100000000 
0000000011000000011111110111111101111111011111111111111100000000 
0000000011000000011111110111111101111111011111111111111100000000 
0000000011000000011111110111111101111111011111111111111100000000 
0000000011000000011111110111111101111111011111111111111100000000 
0000000011000000011111110111111101111111011111111111111100000000 
0000000011000000011111110111111101111111011111111111111100000000 
0000000011000000011111110111111101111111011111111111111100000000 
0000000011000000011111110111111101111111011111111111111100000000 
0000000011000000011111110111111101111111011111111111111100000000 
0000000011000000011111110111111101111111011111111111111100000000 
0000000011000000011111110111111101111111011111111111111100000000 
0000000011000000011111110111111101111111011111111111111100000000 
0000000011000000011111110111111101111111011111111111111100000000 
0000000011000000011111110111111101111111011111111111111100000000 
0000000011000000011111110111111101111111011111111111111100000000 
0000000011000000011111110111111101111111011111111111111100000000 
0000000011000000011111110111111101111111011111111111111100000000 
0000000011000000011111110111111101111111011111111111111100000000 
0000000011000000011111110111111101111111011111111111111100000000 
0000000011000000011111110111111101111111011111111111111100000000 
0000000011000000011111110111111101111111011111111111111100000000 
0000000011000000011111110111111101111111011111111111111100000000 
0000000011000000011111110111111101111111011111111111111100000000 
0000000011000000011111110111111101111111011111111111111100000000 
0000000011000000011111110111111101111111011111111111111100000000 
0000000011000000011111110111111101111111011111111111111100000000 
0000000011000000011111110111111101111111011111111111111100000000 
0000000011000000011111110111111101111111011111111111111100000000 
0000000011000000011111110111111101111111011111111111111100000000 
0000000011000000011111110111111101111111011111111111111100000000 
0000000011000000011111110111111101111111011111111111111100000000 
0000000011000000011111110111111101111111011111111111111100000000 
0000000011000000011111110111111101111111011111111111111100000000 
0000000011000000011111110111111101111111011111111111111100000000 
0000000011000000011111110111111101111111011111111111111100000000 
0000000011000000011111110111111101111111011111111111111100000000 
0000000011000000011111110111111101111111011111111111111100000000 
0000000011000000011111110111111101111111011111111111111100000000 
0000000011000000011111110111111101111111011111111111111100000000 
0000000011000000011111110111111101111111011111111111111100000000 
0000000011000000011111110111111101111111011111111111111100000000 
0000000011000000011111110111111101111111011111111111111100000000 
0000000011000000011111110111111101111111011111111111111100000000 
0000000011000000011111110111111101111111011111111111111100000000 
0000000011000000011111110111111101111111011111111111111100000000 
0000000011000000011111110111111101111111011111111111111100000000 
0000000011000000011111110111111101111111011111111111111100000000 
0000000011000000011111110111111101111111011111111111111100000000 
0000000011000000011111110111111101111111011111111111111100000000 
0000000011000000011111110111111101111111011111111111111100000000 
0000000011000000011111110111111101111111011111111111111100000000 
0000000011000000011111110111111101111111011111111111111100000000 
0000000011000000011111110111111101111111011111111111111100000000 
0000000011000000011111110111111101111111011111111111111100000000 
0000000011000000011111110111111101111111011111111111111100000000 
0000000011000000011111110111111101111111011111111111111100000000 
0000000011000000011111110111111101111111011111111111111100000000 
0000000011000000011111110111111101111111011111111111111100000000 
0000000011000000011111110111111101111111011111111111111100000000 
0000000011000000011111110111111101111111011111111111111100000000 
0000000011000000011111110111111101111111011111111111111100000000 
0000000011000000011111110111111101111111011111111111111100000000 
0000000011000000011111110111111101111111011111111111111100000000 
0000000011000000011111110111111101111111011111111111111100000000 
0000000011000000011111110111111101111111011111111111111100000000 
0000000011000000011111110111111101111111011111111111111100000000 
0000000011000000011111110111111101111111011111111111111100000000 
0000000011000000011111110111111101111111011111111111111100000000 
0000000011000000011111110111111101111111011111111111111100000000 
0000000011000000011111110111111101111111011111111111111100000000 
0000000011000000011111110111111101111111011111111111111100000000 
0000000011000000011111110111111101111111011111111111111100000000 
0000000011000000011111110111111101111111011111111111111100000000 
0000000011000000011111110111111101111111011111111111111100000000 
0000000011000000011111110111111101111111011111111111111100000000 
0000000011000000011111110111111101111111011111111111111100000000 
0000000011000000011111110111111101111111011111111111111100000000 
0000000011000000011111110111111101111111011111111111111100000000 
0000000011000000011111110111111101111111011111111111111100000000 
0000000011000000011111110111111101111111011111111111111100000000 
0000000011000000011111110111111101111111011111111111111100000000 
0000000011000000011111110111111101111111011111111111111100000000 
0000000011000000011111110111111101111111011111111111111100000000 
0000000011000000011111110111111101111111011111111111111100000000 
0000000011000000011111110111111101111111011111111111111100000000 
0000000011000000011111110111111101111111011111111111111100000000 
0000000011000000011111110111111101111111011111111111111100000000 
0000000011000000011111110111111101111111011111111111111100000000 
0000000011000000011111110111111101111111011111111111111100000000 
0000000011000000011111110111111101111111011111111111111100000000 
0000000011000000011111110111111101111111011111111111111100000000 
0000000011000000011111110111111101111111011111111111111100000000 
0000000011000000011111110111111101111111011111111111111100000000 
0000000011000000011111110111111101111111011111111111111100000000 
0000000011000000011111110111111101111111011111111111111100000000 
0000000011000000011111110111111101111111011111111111111100000000 
0000000011000000011111110111111101111111011111111111111100000000 
0000000011000000011111110111111101111111011111111111111100000000 
0000000011000000011111110111111101111111011111111111111100000000 
0000000011000000011111110111111101111111011111111111111100000000 
0000000011000000011111110111111101111111011111111111111100000000 
0000000011000000011111110111111101111111011111111111111100000000 
0000000011000000011111110111111101111111011111111111111100000000 
0000000011000000011111110111111101111111011111111111111100000000 
0000000011000000011111110111111101111111011111111111111100000000 
0000000011000000011111110111111101111111011111111111111100000000 
0000000011000000011111110111111101111111011111111111111100000000 
0000000011000000011111110111111101111111011111111111111100000000 
0000000011000000011111110111111101111111011111111111111100000000 
0000000011000000011111110111111101111111011111111111111100000000 
0000000011000000011111110111111101111111011111111111111100000000 
0000000011000000011111110111111101111111011111111111111100000000 
0000000011000000011111110111111101111111011111111111111100000000 
0000000011000000011111110111111101111111011111111111111100000000 
0000000011000000011111110111111101111111011111111111111100000000 
0000000011000000011111110111111101111111011111111111111100000000 
0000000011000000011111110111111101111111011111111111111100000000 
0000000011000000011111110111111101111111011111111111111100000000 
0000000011000000011111110111111101111111011111111111111100000000 
0000000011000000011111110111111101111111011111111111111100000000 
0000000011000000011111110111111101111111011111111111111100000000 
0000000011000000011111110111111101111111011111111111111100000000 
0000000011000000011111110111111101111111011111111111111100000000 
0000000011000000011111110111111101111111011111111111111100000000 
0000000011000000011111110111111101111111011111111111111100000000 
0000000011000000011111110111111101111111011111111111111100000000 
0000000011000000011111110111111101111111011111111111111100000000 
0000000011000000011111110111111101111111011111111111111100000000 
0000000011000000011111110111111101111111011111111111111100000000 
0000000011000000011111110111111101111111011111111111111100000000 
0000000011000000011111110111111101111111011111111111111100000000 
0000000011000000011111110111111101111111011111111111111100000000 
0000000011000000011111110111111101111111011111111111111100000000 
0000000011000000011111110111111101111111011111111111111100000000 
0000000011000000011111110111111101111111011111111111111100000000 
0000000011000000011111110111111101111111011111111111111100000000 
0000000011000000011111110111111101111111011111111111111100000000 
0000000011000000011111110111111101111111011111111111111100000000 
0000000011000000011111110111111101111111011111111111111100000000 
0000000011000000011111110111111101111111011111111111111100000000 
0000000011000000011111110111111101111111011111111111111100000000 
0000000011000000011111110111111101111111011111111111111100000000 
0000000011000000011111110111111101111111011111111111111100000000 
0000000011000000011111110111111101111111011111111111111100000000 
0000000011000000011111110111111101111111011111111111111100000000 
0000000011000000011111110111111101111111011111111111111100000000 
0000000011000000011111110111111101111111011111111111111100000000 
0000000011000000011111110111111101111111011111111111111100000000 
0000000011000000011111110111111101111111011111111111111100000000 
0000000011000000011111110111111101111111011111111111111100000000 
0000000011000000011111110111111101111111011111111111111100000000 
0000000011000000011111110111111101111111011111111111111100000000 
0000000011000000011111110111111101111111011111111111111100000000 
0000000011000000011111110111111101111111011111111111111100000000 
0000000011000000011111110111111101111111011111111111111100000000 
0000000011000000011111110111111101111111011111111111111100000000 
0000000011000000011111110111111101111111011111111111111100000000 
0000000011000000011111110111111101111111011111111111111100000000 
0000000011000000011111110111111101111111011111111111111100000000 
0000000011000000011111110111111101111111011111111111111100000000 
0000000011000000011111110111111101111111011111111111111100000000 
0000000011000000011111110111111101111111011111111111111100000000 
0000000011000000011111110111111101111111011111111111111100000000 
0000000011000000011111110111111101111111011111111111111100000000 
0000000011000000011111110111111101111111011111111111111100000000 
0000000011000000011111110111111101111111011111111111111100000000 
0000000011000000011111110111111101111111011111111111111100000000 
0000000011000000011111110111111101111111011111111111111100000000 
0000000011000000011111110111111101111111011111111111111100000000 
0000000011000000011111110111111101111111011111111111111100000000 
0000000011000000011111110111111101111111011111111111111100000000 
0000000011000000011111110111111101111111011111111111111100000000 
0000000011000000011111110111111101111111011111111111111100000000 
0000000011000000011111110111111101111111011111111111111100000000 
0000000011000000011111110111111101111111011111111111111100000000 
0000000011000000011111110111111101111111011111111111111100000000 
0000000011000000011111110111111101111111011111111111111100000000 
0000000010000000011111110111111101111111011111111111111100000000 
0000000010000000011111110111111101111111011111111111111100000000 
0000000010000000011111110111111101111111011111111111111100000000 
0000000010000000011111110111111101111111011111111111111100000000 
0000000010000000011111110111111101111111011111111111111100000000 
0000000010000000011111110111111101111111011111111111111100000000 
0000000010000000011111110111111101111111011111111111111100000000 
0000000010000000011111110111111101111111011111111111111100000000 
0000000010000000011111110111111101111111011111111111111100000000 
0000000010000000011111110111111101111111011111111111111100000000 
0000000010000000011111110111111101111111011111111111111100000000 
0000000010000000011111110111111101111111011111111111111100000000 
0000000010000000011111110111111101111111011111111111111100000000 
0000000010000000011111110111111101111111011111111111111100000000 
0000000010000000011111110111111101111111011111111111111100000000 
0000000010000000011111110111111101111111011111111111111100000000 
0000000010000000011111110111111101111111011111111111111100000000 
0000000010000000011111110111111101111111011111111111111100000000 
0000000010000000011111110111111101111111011111111111111100000000 
0000000010000000011111110111111101111111011111111111100000000000 
0000000010000000011111110111111101111111011111111111000000000000 
0000000010000000011111110111111101111111011111111111000000000000 
0000000010000000011111110111111101111111011111111111000000000000 
0000000010000000011111110111111101111111011111111110000000000000 
0000000010000000011111110111111101111111011111111110000000000000 
0000000010000000011111110111111101111111011111111110000000000000 
0000000010000000011111110111111101111111011111111110000000000000 
0000000010000000011111110111111101111111011111111110000000000000 
0000000010000000011111110111111101111111011111111101000000000000 
0000000010000000011111110111111101111111011111111100110000000000 
0000000010000000011111110111111101111111011111111100100000000000 
0000000010000000011111110111111101111111011111111100100000000000 
0000000010000000011111110111111101111111011111111100100000000000 
0000000010000000011111110111111101111111011111111100011100000000 
0000000010000000011111110111111101111111011111111100011100000000 
0000000010000000011111110111111101111111011111111100011100000000 
0000000010000000011111110111111101111111011111111100011100000000 
0000000010000000011111110111111101111111011111111100011000000000 
0000000010000000011111110111111101111111011111111100010100000000 
0000000010000000011111110111111101111111011111111100000000000000 
0000000010000000011111110111111101111111011111111011011100000000 
0000000010000000011111110111111101111111011111111011001000000000 
0000000010000000011111110111111101111111011111111010111000000000 
0000000010000000011111110111111101111111011111111010100100000000 
0000000010000000011111110111111101111111011111111010010100000000 
0000000010000000011111110111111101111111011111111010001100000000 
0000000010000000011111110111111101111111011111111010000100000000 
0000000010000000011111110111111101111111011111111001111000000000 
0000000010000000011111110111111101111111011111111001111000000000 
0000000010000000011111110111111101111111011111111001110100000000 
0000000010000000011111110111111101111111011111111001110100000000 
0000000010000000011111110111111101111111011111111001110000000000 
0000000010000000011111110111111101111111011111111001100100000000 
0000000010000000011111110111111101111111011111111001011100000000 
0000000010000000011111110111111101111111011111111001010100000000 
0000000010000000011111110111111101111111011111111001001000000000 
0000000010000000011111110111111101111111011111111000111000000000 
0000000010000000011111110111111101111111011111111000110100000000 
0000000010000000011111110111111101111111011111111000101100000000 
0000000010000000011111110111111101111111011111111000011100000000 
0000000010000000011111110111111101111111011111111000000100000000 
0000000010000000011111110111111101111111011111110111101100000000 
0000000010000000011111110111111101111111011111110111001100000000 
0000000010000000011111110111111101111111011111110110111100000000 
0000000010000000011111110111111101111111011111110110110000000000 
0000000010000000011111110111111101111111011111110110010100000000 
0000000010000000011111110111111101111111011111110110001000000000 
0000000010000000011111110111111101111111011111110101101000000000 
0000000010000000011111110111111101111111011111110101010000000000 
0000000010000000011111110111111101111111011111110100111100000000 
0000000010000000011111110111111101111111011111110100100100000000 
0000000010000000011111110111111101111111011111110100000100000000 
0000000010000000011111110111111101111111011111110011101100000000 
0000000010000000011111110111111101111111011111110011001100000000 
0000000010000000011111110111111101111111011111110010100100000000 
0000000010000000011111110111111101111111011111110010001100000000 
0000000010000000011111110111111101111111011111110001100100000000 
0000000010000000011111110111111101111111011111110001001100000000 
0000000010000000011111110111111101111111011111110000101000000000 
0000000010000000011111110111111101111111011111110000001100000000 
0000000010000000011111110111111101111111011111110000000000000000 
0000000010000000011111110111111101111111011111110000000000000000 
0000000010000000011111110111111101111111011111110000000000000000 
0000000010000000011111110111111101111111011111110000000000000000 
0000000010000000011111110111111101111111011111110000000000000000 
0000000010000000011111110111111101111111011111110000000000000000 
0000000010000000011111110111111101111111011111110000000000000000 
0000000010000000011111110111111101111111011111110000000000000000 
0000000010000000011111110111111101111111011111110000000000000000 
0000000010000000011111110111111101111111011111110000000000000000 
0000000010000000011111110111111101111111011111110000000000000000 
0000000010000000011111110111111101111111011111110000000000000000 
0000000010000000011111110111111101111111011111110000000000000000 
0000000010000000011111110111111101111111011111110000000000000000 
0000000010000000011111110111111101111111011111110000000000000000 
0000000010000000011111110111111101111111011111110000000000000000 
0000000010000000011111110111111101111111011111110000000000000000 
0000000010000000011111110111111101111111011111110000000000000000 
0000000010000000011111110111111101111111011111110000000000000000 
0000000010000000011111110111111101111111011111110000000000000000 
0000000010000000011111110111111101111111011111110000000000000000 
0000000010000000011111110111111101111111011111110000000000000000 
0000000010000000011111110111111101111111011111110000000000000000 
0000000010000000011111110111111101111111011111110000000000000000 
0000000010000000011111110111111101111111011111110000000000000000 
0000000010000000011111110111111101111111011111110000000000000000 
0000000010000000011111110111111101111111011111110000000000000000 
0000000010000000011111110111111101111111011111110000000000000000 
0000000010000000011111110111111101111111011111110000000000000000 
0000000010000000011111110111111101111111011111110000000000000000 
0000000010000000011111110111111101111111011111110000000000000000 
0000000010000000011111110111111101111111011111110000000000000000 
0000000010000000011111110111111101111111011111110000000000000000 
0000000010000000011111110111111101111111011111110000000000000000 
0000000010000000011111110111111101111111011111110000000000000000 
0000000010000000011111110111111101111111011111110000000000000000 
0000000010000000011111110111111101111111011111110000000000000000 
0000000010000000011111110111111101111111011111110000000000000000 
0000000010000000011111110111111101111111011111110000000000000000 
0000000010000000011111110111111101111111011111110000000000000000 
0000000010000000011111110111111101111111011111110000000000000000 
0000000010000000011111110111111101111111011111110000000000000000 
0000000010000000011111110111111101111111011111110000000000000000 
0000000010000000011111110111111101111111011111110000000000000000 
0000000010000000011111110111111101111111011111110000000000000000 
0000000010000000011111110111111101111111011111110000000000000000 
0000000010000000011111110111111101111111011111110000000000000000 
0000000010000000011111110111111101111111011111110000000000000000 
0000000010000000011111110111111101111111011111110000000000000000 
0000000010000000011111110111111101111111011111110000000000000000 
0000000010000000011111110111111101111111011111110000001100000000 
0000000010000000011111110111111101111111011111110010100000000000 
0000000010000000011111110111111101111111011111110100011100000000 
0000000010000000011111110111111101111111011111110110011000000000 
0000000010000000011111110111111101111111011111110111001100000000 
0000000010000000011111110111111101111111011111110111110000000000 
0000000010000000011111110111111101111111011111111000010000000000 
0000000010000000011111110111111101111111011111111000101100000000 
0000000010000000011111110111111101111111011111111001001000000000 
0000000010000000011111110111111101111111011111111001100000000000 
0000000010000000011111110111111101111111011111111001110100000000 
0000000010000000011111110111111101111111011111111010000100000000 
0000000010000000011111110111111101111111011111111010011000000000 
0000000010000000011111110111111101111111011111111010110100000000 
0000000010000000011111110111111101111111011111111011101000000000 
0000000010000000011111110111111101111111011111111111000000000000 
0000000011000000011111110111111101111111011111111111111100000000 
0000000011000000011111110111111101111111011111111111111100000000 
0000000011000000011111110111111101111111011111111111111100000000 
0000000011000000011111110111111101111111011111111111111100000000 
0000000011000000011111110111111101111111011111111111111100000000 
0000000011000000011111110111111101111111011111111111111100000000 
0000000011000000011111110111111101111111011111111111111100000000 
0000000011000000011111110111111101111111011111111111111100000000 
0000000011000000011111110111111101111111011111111111111100000000 
0000000011000000011111110111111101111111011111111111111100000000 
0000000011000000011111110111111101111111011111111111111100000000 
0000000011000000011111110111111101111111011111111111111100000000 
0000000011000000011111110111111101111111011111111111111100000000 
0000000011000000011111110111111101111111011111111111111100000000 
0000000011000000011111110111111101111111011111111111111100000000 
0000000011000000011111110111111101111111011111111111111100000000 
0000000011000000011111110111111101111111011111111111111100000000 
0000000011000000011111110111111101111111011111111111111100000000 
0000000011000000011111110111111101111111011111111111111100000000 
0000000011000000011111110111111101111111011111111111111100000000 
0000000011000000011111110111111101111111011111111111111100000000 
0000000011000000011111110111111101111111011111111111111100000000 
0000000011000000011111110111111101111111011111111111111100000000 
0000000011000000011111110111111101111111011111111111111100000000 
0000000011000000011111110111111101111111011111111111111100000000 
0000000011000000011111110111111101111111011111111111111100000000 
0000000011000000011111110111111101111111011111111111111100000000 
0000000011000000011111110111111101111111011111111111111100000000 
0000000011000000011111110111111101111111011111111111111100000000 
0000000011000000011111110111111101111111011111111111111100000000 
0000000011000000011111110111111101111111011111111111111100000000 
0000000011000000011111110111111101111111011111111111111100000000 
0000000011000000011111110111111101111111011111111111111100000000 
0000000011000000011111110111111101111111011111111111111100000000 
0000000011000000011111110111111101111111011111111111111100000000 
0000000011000000011111110111111101111111011111111111111100000000 
0000000011000000011111110111111101111111011111111111111100000000 
0000000011000000011111110111111101111111011111111111111100000000 
0000000011000000011111110111111101111111011111111111111100000000 
0000000011000000011111110111111101111111011111111111111100000000 
0000000011000000011111110111111101111111011111111111111100000000 
0000000011000000011111110111111101111111011111111111111100000000 
0000000011000000011111110111111101111111011111111111111100000000 
0000000011000000011111110111111101111111011111111111111100000000 
0000000011000000011111110111111101111111011111111111111100000000 
0000000011000000011111110111111101111111011111111111111100000000 
0000000011000000011111110111111101111111011111111111111100000000 
0000000011000000011111110111111101111111011111111111111100000000 
0000000011000000011111110111111101111111011111111111111100000000 
0000000011000000011111110111111101111111011111111111111100000000 
0000000011000000011111110111111101111111011111111111111100000000 
0000000011000000011111110111111101111111011111111111111100000000 
0000000011000000011111110111111101111111011111111111111100000000 
0000000011000000011111110111111101111111011111111111111100000000 
0000000011000000011111110111111101111111011111111111111100000000 
0000000011000000011111110111111101111111011111111111111100000000 
0000000011000000011111110111111101111111011111111111111100000000 
0000000011000000011111110111111101111111011111111111111100000000 
0000000011000000011111110111111101111111011111111111111100000000 
0000000011000000011111110111111101111111011111111111111100000000 
0000000011000000011111110111111101111111011111111111111100000000 
0000000011000000011111110111111101111111011111111111111100000000 
0000000011000000011111110111111101111111011111111111111100000000 
0000000011000000011111110111111101111111011111111111111100000000 
0000000011000000011111110111111101111111011111111111111100000000 
0000000011000000011111110111111101111111011111111111111100000000 
0000000011000000011111110111111101111111011111111111111100000000 
0000000011000000011111110111111101111111011111111111111100000000 
0000000011000000011111110111111101111111011111111111111100000000 
0000000011000000011111110111111101111111011111111111111100000000 
0000000011000000011111110111111101111111011111111111111100000000 
0000000011000000011111110111111101111111011111111111111100000000 
0000000011000000011111110111111101111111011111111111111100000000 
0000000011000000011111110111111101111111011111111111111100000000 
0000000011000000011111110111111101111111011111111111111100000000 
0000000011000000011111110111111101111111011111111111111100000000 
0000000011000000011111110111111101111111011111111111111100000000 
0000000011000000011111110111111101111111011111111111111100000000 
0000000011000000011111110111111101111111011111111111111100000000 
0000000011000000011111110111111101111111011111111111111100000000 
0000000011000000011111110111111101111111011111111111111100000000 
0000000011000000011111110111111101111111011111111111111100000000 
0000000011000000011111110111111101111111011111111111111100000000 
0000000011000000011111110111111101111111011111111111111100000000 
0000000010000000011111110111111101111111011111111111111100000000 
0000000010000000011111110111111101111111011111111111111100000000 
0000000010000000011111110111111101111111011111111111111100000000 
0000000010000000011111110111111101111111011111111111111100000000 
0000000010000000011111110111111101111111011111111110000000000000 
0000000010000000011111110111111101111111011111111100011100000000 
0000000010000000011111110111111101111111011111111100010100000000 
0000000010000000011111110111111101111111011111111100010000000000 
0000000010000000011111110111111101111111011111111100010000000000 
0000000010000000011111110111111101111111011111111100010000000000 
0000000010000000011111110111111101111111011111111100010000000000 
0000000010000000011111110111111101111111011111111100010000000000 
0000000010000000011111110111111101111111011111111100010000000000 
0000000010000000011111110111111101111111011111111100010000000000 
0000000010000000011111110111111101111111011111111100001100000000 
0000000010000000011111110111111101111111011111111100001000000000 
0000000010000000011111110111111101111111011111111011011000000000 
0000000010000000011111110111111101111111011111111011000000000000 
0000000010000000011111110111111101111111011111111010101000000000 
0000000010000000011111110111111101111111011111111010001100000000 
0000000010000000011111110111111101111111011111111001111100000000 
0000000010000000011111110111111101111111011111111001110000000000 
0000000010000000011111110111111101111111011111111001001000000000 
0000000010000000011111110111111101111111011111111000111000000000 
0000000010000000011111110111111101111111011111111000101100000000 
0000000010000000011111110111111101111111011111111000000000000000 
0000000010000000011111110111111101111111011111110111100000000000 
0000000010000000011111110111111101111111011111110111000100000000 
0000000010000000011111110111111101111111011111110110100100000000 
0000000010000000011111110111111101111111011111110110000000000000 
0000000010000000011111110111111101111111011111110101001100000000 
0000000010000000011111110111111101111111011111110100100100000000 
0000000010000000011111110111111101111111011111110011101000000000 
0000000010000000011111110111111101111111011111110010100100000000 
0000000010000000011111110111111101111111011111110001100100000000 
0000000010000000011111110111111101111111011111110000100100000000 
0000000010000000011111110111111101111111011111110000000000000000 
0000000010000000011111110111111101111111011111110000000000000000 
0000000010000000011111110111111101111111011111110000000000000000 
0000000010000000011111110111111101111111011111110000000000000000 
0000000010000000011111110111111101111111011111110000000000000000 
0000000010000000011111110111111101111111011111110000000000000000 
0000000010000000011111110111111101111111011111110000000000000000 
0000000010000000011111110111111101111111011111110000000000000000 
0000000010000000011111110111111101111111011111110000000000000000 
0000000010000000011111110111111101111111011111110000000000000000 
0000000010000000011111110111111101111111011111110000000000000000 
0000000010000000011111110111111101111111011111110000000000000000 
0000000010000000011111110111111101111111011111110000000000000000 
0000000010000000011111110111111101111111011111110000000000000000 
0000000010000000011111110111111101111111011111110000000000000000 
0000000010000000011111110111111101111111011111110000000000000000 
0000000010000000011111110111111101111111011111110000000000000000 
0000000010000000011111110111111101111111011111110000000000000000 
0000000010000000011111110111111101111111011111110000000000000000 
0000000010000000011111110111111101111111011111110000000000000000 
0000000010000000011111110111111101111111011111110000000000000000 
0000000010000000011111110111111101111111011111110000000000000000 
0000000010000000011111110111111101111111011111110000000000000000 
0000000010000000011111110111111101111111011111110000000000000000 
0000000010000000011111110111111101111111011111110000000000000000 
0000000010000000011111110111111101111111011111110000000000000000 
0000000010000000011111110111111101111111011111110000000000000000 
0000000010000000011111110111111101111111011111110000000000000000 
0000000010000000011111110111111101111111011111110000000000000000 
0000000010000000011111110111111101111111011111110000000000000000 
0000000010000000011111110111111101111111011111110000000000000000 
0000000010000000011111110111111101111111011111110000000000000000 
0000000010000000011111110111111101111111011111110000000000000000 
0000000010000000011111110111111101111111011111110000000000000000 
0000000010000000011111110111111101111111011111110000000000000000 
0000000010000000011111110111111101111111011111110000000000000000 
0000000010000000011111110111111101111111011111110000000000000000 
0000000010000000011111110111111101111111011111110000010000000000 
0000000010000000011111110111111101111111011111110001100100000000 
0000000010000000011111110111111101111111011111110010111000000000 
0000000010000000011111110111111101111111011111110100001000000000 
0000000010000000011111110111111101111111011111110101010100000000 
0000000010000000011111110111111101111111011111110110011000000000 
0000000010000000011111110111111101111111011111110110111100000000 
0000000010000000011111110111111101111111011111110111010100000000 
0000000010000000011111110111111101111111011111110111100000000000 
0000000010000000011111110111111101111111011111110111101100000000 
0000000010000000011111110111111101111111011111110111110100000000 
0000000010000000011111110111111101111111011111110111111100000000 
0000000010000000011111110111111101111111011111111000000000000000 
0000000010000000011111110111111101111111011111111000001000000000 
0000000010000000011111110111111101111111011111111000001100000000 
0000000010000000011111110111111101111111011111111000010100000000 
0000000010000000011111110111111101111111011111111000011100000000 
0000000010000000011111110111111101111111011111111000100100000000 
0000000010000000011111110111111101111111011111111000101100000000 
0000000010000000011111110111111101111111011111111000111000000000 
0000000010000000011111110111111101111111011111111001000100000000 
0000000010000000011111110111111101111111011111111001010000000000 
0000000010000000011111110111111101111111011111111001011000000000 
0000000010000000011111110111111101111111011111111001100100000000 
0000000010000000011111110111111101111111011111111001110100000000 
0000000010000000011111110111111101111111011111111010000100000000 
0000000010000000011111110111111101111111011111111010011100000000 
0000000010000000011111110111111101111111011111111011000100000000 
0000000010000000011111110111111101111111011111111100011100000000 
0000000010000000011111110111111101111111011111111111111100000000 
0000000011000000011111110111111101111111011111111111111100000000 
0000000011000000011111110111111101111111011111111111111100000000 
0000000011000000011111110111111101111111011111111111111100000000 
0000000011000000011111110111111101111111011111111111111100000000 
0000000011000000011111110111111101111111011111111111111100000000 
0000000011000000011111110111111101111111011111111111111100000000 
0000000011000000011111110111111101111111011111111111111100000000 
0000000011000000011111110111111101111111011111111111111100000000 
0000000011000000011111110111111101111111011111111111111100000000 
0000000011000000011111110111111101111111011111111111111100000000 
0000000011000000011111110111111101111111011111111111111100000000 
0000000011000000011111110111111101111111011111111111111100000000 
0000000011000000011111110111111101111111011111111111111100000000 
0000000011000000011111110111111101111111011111111111111100000000 
0000000011000000011111110111111101111111011111111111111100000000 
0000000011000000011111110111111101111111011111111111111100000000 
0000000011000000011111110111111101111111011111111111111100000000 
0000000011000000011111110111111101111111011111111111111100000000 
0000000011000000011111110111111101111111011111111111111100000000 
0000000011000000011111110111111101111111011111111111111100000000 
0000000011000000011111110111111101111111011111111111111100000000 
0000000011000000011111110111111101111111011111111111111100000000 
0000000011000000011111110111111101111111011111111111111100000000 
0000000011000000011111110111111101111111011111111111111100000000 
0000000011000000011111110111111101111111011111111111111100000000 
0000000011000000011111110111111101111111011111111111111100000000 
0000000011000000011111110111111101111111011111111111111100000000 
0000000011000000011111110111111101111111011111111111111100000000 
0000000011000000011111110111111101111111011111111111111100000000 
0000000011000000011111110111111101111111011111111111111100000000 
0000000011000000011111110111111101111111011111111111111100000000 
0000000011000000011111110111111101111111011111111111111100000000 
0000000011000000011111110111111101111111011111111111111100000000 
0000000011000000011111110111111101111111011111111111111100000000 
0000000011000000011111110111111101111111011111111111111100000000 
0000000011000000011111110111111101111111011111111111111100000000 
0000000011000000011111110111111101111111011111111111111100000000 
0000000011000000011111110111111101111111011111111111111100000000 
0000000011000000011111110111111101111111011111111111111100000000 
0000000011000000011111110111111101111111011111111111111100000000 
0000000011000000011111110111111101111111011111111111111100000000 
0000000011000000011111110111111101111111011111111111111100000000 
0000000011000000011111110111111101111111011111111111111100000000 
0000000011000000011111110111111101111111011111111111111100000000 
0000000011000000011111110111111101111111011111111111111100000000 
0000000011000000011111110111111101111111011111111111111100000000 
0000000011000000011111110111111101111111011111111111111100000000 
0000000011000000011111110111111101111111011111111111111100000000 
0000000011000000011111110111111101111111011111111111111100000000 
0000000010000000011111110111111101111111011111111111111100000000 
0000000010000000011111110111111101111111011111111111111100000000 
0000000010000000011111110111111101111111011111111011001000000000 
0000000010000000011111110111111101111111011111111000111000000000 
0000000010000000011111110111111101111111011111110111011100000000 
0000000010000000011111110111111101111111011111110110011100000000 
0000000010000000011111110111111101111111011111110101010100000000 
0000000010000000011111110111111101111111011111110100100000000000 
0000000010000000011111110111111101111111011111110011010100000000 
0000000010000000011111110111111101111111011111110010100000000000 
0000000010000000011111110111111101111111011111110010000000000000 
0000000010000000011111110111111101111111011111110001101000000000 
0000000010000000011111110111111101111111011111110001001100000000 
0000000010000000011111110111111101111111011111110000111100000000 
0000000010000000011111110111111101111111011111110000110100000000 
0000000010000000011111110111111101111111011111110000101100000000 
0000000010000000011111110111111101111111011111110000011100000000 
0000000010000000011111110111111101111111011111110000001000000000 
0000000010000000011111110111111101111111011111110000000000000000 
0000000010000000011111110111111101111111011111110000000000000000 
0000000010000000011111110111111101111111011111110000000000000000 
0000000010000000011111110111111101111111011111110000000000000000 
0000000010000000011111110111111101111111011111110000000000000000 
0000000010000000011111110111111101111111011111110000000000000000 
0000000010000000011111110111111101111111011111110000000000000000 
0000000010000000011111110111111101111111011111110000000000000000 
0000000010000000011111110111111101111111011111110000000000000000 
0000000010000000011111110111111101111111011111110000000000000000 
0000000010000000011111110111111101111111011111110000000000000000 
0000000010000000011111110111111101111111011111110000000000000000 
0000000010000000011111110111111101111111011111110000000000000000 
0000000010000000011111110111111101111111011111110000000000000000 
0000000010000000011111110111111101111111011111110000000000000000 
0000000010000000011111110111111101111111011111110000000000000000 
0000000010000000011111110111111101111111011111110000000000000000 
0000000010000000011111110111111101111111011111110000000000000000 
0000000010000000011111110111111101111111011111110000000000000000 
0000000010000000011111110111111101111111011111110000000000000000 
0000000010000000011111110111111101111111011111110000000000000000 
0000000010000000011111110111111101111111011111110000000000000000 
0000000010000000011111110111111101111111011111110000011100000000 
0000000010000000011111110111111101111111011111110101110100000000 
0000000010000000011111110111111101111111011111111000000000000000 
0000000010000000011111110111111101111111011111111001100000000000 
0000000010000000011111110111111101111111011111111110000000000000 
0000000010000000011111110111111101111111011111111111111100000000 
0000000011000000011111110111111101111111011111111111111100000000 
0000000011000000011111110111111101111111011111111111111100000000 
0000000011000000011111110111111101111111011111111111111100000000 
0000000011000000011111110111111101111111011111111111111100000000 
0000000011000000011111110111111101111111011111111111111100000000 
0000000011000000011111110111111101111111011111111111111100000000 
0000000011000000011111110111111101111111011111111111111100000000 
0000000011000000011111110111111101111111011111111111111100000000 
0000000011000000011111110111111101111111011111111111111100000000 
0000000011000000011111110111111101111111011111111111111100000000 
0000000011000000011111110111111101111111011111111111111100000000 
0000000011000000011111110111111101111111011111111111111100000000 
0000000011000000011111110111111101111111011111111111111100000000 
0000000011000000011111110111111101111111011111111111111100000000 
0000000011000000011111110111111101111111011111111111111100000000 
0000000011000000011111110111111101111111011111111111111100000000 
0000000011000000011111110111111101111111011111111111111100000000 
0000000011000000011111110111111101111111011111111111111100000000 
0000000011000000011111110111111101111111011111111111111100000000 
0000000011000000011111110111111101111111011111111111111100000000 
0000000011000000011111110111111101111111011111111111111100000000 
0000000011000000011111110111111101111111011111111111111100000000 
0000000011000000011111110111111101111111011111111111111100000000 
0000000011000000011111110111111101111111011111111111111100000000 
0000000011000000011111110111111101111111011111111111111100000000 
0000000011000000011111110111111101111111011111111111111100000000 
0000000011000000011111110111111101111111011111111111111100000000 
0000000011000000011111110111111101111111011111111111111100000000 
0000000011000000011111110111111101111111011111111111111100000000 
0000000011000000011111110111111101111111011111111111111100000000 
0000000011000000011111110111111101111111011111111111111100000000 
0000000011000000011111110111111101111111011111111111111100000000 
0000000011000000011111110111111101111111011111111111111100000000 
0000000011000000011111110111111101111111011111111111111100000000 
0000000011000000011111110111111101111111011111111111111100000000 
0000000011000000011111110111111101111111011111111111111100000000 
0000000011000000011111110111111101111111011111111111111100000000 
0000000011000000011111110111111101111111011111111111111100000000 
0000000011000000011111110111111101111111011111111111111100000000 
0000000011000000011111110111111101111111011111111111111100000000 
0000000011000000011111110111111101111111011111111111111100000000 
0000000011000000011111110111111101111111011111111111111100000000 
0000000011000000011111110111111101111111011111111111111100000000 
0000000011000000011111110111111101111111011111111111111100000000 
0000000011000000011111110111111101111111011111111111111100000000 
0000000011000000011111110111111101111111011111111111111100000000 
0000000011000000011111110111111101111111011111111111111100000000 
0000000011000000011111110111111101111111011111111111111100000000 
0000000011000000011111110111111101111111011111111111111100000000 
0000000011000000011111110111111101111111011111111111111100000000 
0000000011000000011111110111111101111111011111111111111100000000 
0000000011000000011111110111111101111111011111111111111100000000 
0000000011000000011111110111111101111111011111111111111100000000 
0000000011000000011111110111111101111111011111111111111100000000 
0000000011000000011111110111111101111111011111111111111100000000 
0000000011000000011111110111111101111111011111111111111100000000 
0000000011000000011111110111111101111111011111111111111100000000 
0000000011000000011111110111111101111111011111111111111100000000 
0000000011000000011111110111111101111111011111111111111100000000 
0000000011000000011111110111111101111111011111111111111100000000 
0000000011000000011111110111111101111111011111111111111100000000 
00000000110000000111111101111111011111110111111111