000010000000011111110111111101111111011111110000000000000000
0000000010000000011111110111111101111111011111110000000000000
0000000010000000011111110111111101111111011111110000000000000000
0000000010000000011111110111111101111111011111110000000000000000000010000000011111110111111101111111011111110000000000000000
0000000010000000011111110111111101111111011111110000000000000000
0000000010000000011111110111111101111111011111110000000000000000
0000000010000000011111110111111101111111011111110000000000000000
0000000010000000011111110111111101111111011111110000000000000000
0000000010000000011111110111111101111111011111110000000000000000
0000000010000000011111110111111101111111011111110000000000000000
0000000010000000011111110111111101111111011111110000000000000000
0000000010000000011111110111111101111111011111110000000000000000
0000000010000000011111110111111101111111011111110000000000000000
0000000010000000011111110111111101111111011111110000000000000000
0000000010000000011111110111111101111111011111110000000000000000
0000000010000000011111110111111101111111011111110000000000000000
0000000010000000011111110111111101111111011111110000000000000000
0000000010000000011111110111111101111111011111110000000000000000
0000000010000000011111110111111101111111011111110000000000000000
0000000010000000011111110111111101111111011111110000000000000000
0000000010000000011111110111111101111111011111110000000000000000
0000000010000000011111110111111101111111011111110000000000000000
0000000010000000011111110111111101111111011111110000000000000000
0000000010000000011111110111111101111111011111110000000000000000
0000000010000000011111110111111101111111011111110000000000000000
0000000010000000011111110111111101111111011111110000000000000000
0000000010000000011111110111111101111111011111110000000000000000
0000000010000000011111110111111101111111011111110000000000000000
0000000010000000011111110111111101111111011111110000000000000000
0000000010000000011111110111111101111111011111110000000000000000
0000000010000000011111110111111101111111011111110000000000000000
0000000010000000011111110111111101111111011111110000000000000000
0000000010000000011111110111111101111111011111110000000000000000
0000000010000000011111110111111101111111011111110000000000000000
0000000010000000011111110111111101111111011111110000000000000000
0000000010000000011111110111111101111111011111110000000000000000
0000000010000000011111110111111101111111011111110000000000000000
0000000010000000011111110111111101111111011111110000000000000000
0000000010000000011111110111111101111111011111110000000000000000
0000000010000000011111110111111101111111011111110000000000000000
0000000010000000011111110111111101111111011111110000000000000000
0000000010000000011111110111111101111111011111110000000000000000
0000000010000000011111110111111101111111011111110000000000000000
0000000010000000011111110111111101111111011111110000000000000000
0000000010000000011111110111111101111111011111110000000000000000
0000000010000000011111110111111101111111011111110000000000000000
0000000010000000011111110111111101111111011111110000000000000000
0000000010000000011111110111111101111111011111110000000000000000
0000000010000000011111110111111101111111011111110000000000000000
0000000010000000011111110111111101111111011111110000000000000000
0000000010000000011111110111111101111111011111110000000000000000
0000000010000000011111110111111101111111011111110000000000000000
0000000010000000011111110111111101111111011111110000000000000000
0000000010000000011111110111111101111111011111110000000000000000
0000000010000000011111110111111101111111011111110000000000000000
0000000010000000011111110111111101111111011111110000000000000000
0000000010000000011111110111111101111111011111110000000000000000
0000000010000000011111110111111101111111011111110000000000000000
0000000010000000011111110111111101111111011111110000000000000000
0000000010000000011111110111111101111111011111110000000000000000
0000000010000000011111110111111101111111011111110000000000000000
0000000010000000011111110111111101111111011111110000000000000000
0000000010000000011111110111111101111111011111110000000000000000
0000000010000000011111110111111101111111011111110000000000000000
0000000010000000011111110111111101111111011111110000000000000000
0000000010000000011111110111111101111111011111110000000000000000
0000000010000000011111110111111101111111011111110000000000000000
0000000010000000011111110111111101111111011111110000000000000000
0000000010000000011111110111111101111111011111110000000000000000
0000000010000000011111110111111101111111011111110000000000000000
0000000010000000011111110111111101111111011111110000000000000000
0000000010000000011111110111111101111111011111110000000000000000
0000000010000000011111110111111101111111011111110000000000000000
0000000010000000011111110111111101111111011111110000000000000000
0000000010000000011111110111111101111111011111110000000000000000
0000000010000000011111110111111101111111011111110000000000000000
0000000010000000011111110111111101111111011111110000000000000000
0000000010000000011111110111111101111111011111110000000000000000
0000000010000000011111110111111101111111011111110000000000000000
0000000010000000011111110111111101111111011111110000000000000000
0000000010000000011111110111111101111111011111110000000000000000
0000000010000000011111110111111101111111011111110000000000000000
0000000010000000011111110111111101111111011111110000000000000000
0000000010000000011111110111111101111111011111110000000000000000
0000000010000000011111110111111101111111011111110000000000000000
0000000010000000011111110111111101111111011111110000000000000000
0000000010000000011111110111111101111111011111110000000000000000
0000000010000000011111110111111101111111011111110000000000000000
0000100010000000011111110111111101111111011111110000000000000000
0000100010000000011111110111111101111111011111110000000000000000
0000100010000000011111110111111101111111011111110000000000000000
0000100010000000011111110111111101111111011111110000000000000000
0000100010000000011111110111111101111111011111110000000000000000
0000100010000000011111110111111101111111011111110000000000000000
0000100010000000011111110111111101111111011111110000000000000000
0000100010000000011111110111111101111111011111110000000000000000
0000100010000000011111110111111101111111011111110000000000000000
0000100010000000011111110111111101111111011111110000000000000000
0000100010000000011111110111111101111111011111110000000000000000
0000100010000000011111110111111101111111011111110000000000000000
0000100010000000011111110111111101111111011111110000000000000000
0000100010000000011111110111111101111111011111110000000000000000
0000100010000000011111110111111101111111011111110000000000000000
0000100010000000011111110111111101111111011111110000000000000000
0000100010000000011111110111111101111111011111110000000000000000
0000100010000000011111110111111101111111011111110000000000000000
0000100010000000011111110111111101111111011111110000000000000000
0000100010000000011111110111111101111111011111110000000000000000
0000100010000000011111110111111101111111011111110000000000000000
0000100010000000011111110111111101111111011111110000000000000000
0000100010000000011111110111111101111111011111110000000000000000
0000100010000000011111110111111101111111011111110000000000000000
0000100010000000011111110111111101111111011111110000000000000000
0000100010000000011111110111111101111111011111110000000000000000
0000100010000000011111110111111101111111011111110000000000000000
0000100010000000011111110111111101111111011111110000000000000000
0000100010000000011111110111111101111111011111110000000000000000
0000100010000000011111110111111101111111011111110000000000000000
0000100010000000011111110111111101111111011111110000000000000000
0000100010000000011111110111111101111111011111110000000000000000
0000100010000000011111110111111101111111011111110000000000000000
0000100010000000011111110111111101111111011111110000000000000000
0000100010000000011111110111111101111111011111110000000000000000
0000100010000000011111110111111101111111011111110000000000000000
0000100010000000011111110111111101111111011111110000000000000000
0000100010000000011111110111111101111111011111110000000000000000
0000100010000000011111110111111101111111011111110000000000000000
0000100010000000011111110111111101111111011111110000000000000000
0000100010000000011111110111111101111111011111110000000000000000
0000100010000000011111110111111101111111011111110000000000000000
0000100010000000011111110111111101111111011111110000000000000000
0000100010000000011111110111111101111111011111110000000000000000
0000100010000000011111110111111101111111011111110000000000000000
0000100010000000011111110111111101111111011111110000000000000000
0000100010000000011111110111111101111111011111110000000000000000
0000100010000000011111110111111101111111011111110000000000000000
0000100010000000011111110111111101111111011111110000000000000000
0000100010000000011111110111111101111111011111110000000000000000
0000100010000000011111110111111101111111011111110000000000000000
0000100010000000011111110111111101111111011111110000000000000000
0000100010000000011111110111111101111111011111110000000000000000
0000100010000000011111110111111101111111011111110000000000000000
0000100010000000011111110111111101111111011111110000000000000000
0000100010000000011111110111111101111111011111110000000000000000
0000100010000000011111110111111101111111011111110000000000000000
0000100010000000011111110111111101111111011111110000000000000000
0000100010000000011111110111111101111111011111110000000000000000
0000100010000000011111110111111101111111011111110000000000000000
0000100010000000011111110111111101111111011111110000000000000000
0000100010000000011111110111111101111111011111110000000000000000
0000100010000000011111110111111101111111011111110000000000000000
0000100010000000011111110111111101111111011111110000000000000000
0000100010000000011111110111111101111111011111110000000000000000
0000100010000000011111110111111101111111011111110000000000000000
0000100010000000011111110111111101111111011111110000000000000000
0000100010000000011111110111111101111111011111110000000000000000
0000100010000000011111110111111101111111011111110000000000000000
0000100010000000011111110111111101111111011111110000000000000000
0000100010000000011111110111111101111111011111110000000000000000
0000100010000000011111110111111101111111011111110000000000000000
0000100010000000011111110111111101111111011111110000000000000000
0000100010000000011111110111111101111111011111110000000000000000
0000100010000000011111110111111101111111011111110000000000000000
0000100010000000011111110111111101111111011111110000000000000000
0000100010000000011111110111111101111111011111110000000000000000
0000100010000000011111110111111101111111011111110000000000000000
0000100010000000011111110111111101111111011111110000000000000000
0000100010000000011111110111111101111111011111110000000000000000
0000100010000000011111110111111101111111011111110000000000000000
0000100010000000011111110111111101111111011111110000000000000000
0000100010000000011111110111111101111111011111110000000000000000
0000100010000000011111110111111101111111011111110000000000000000
0000100010000000011111110111111101111111011111110000000000000000
0000100010000000011111110111111101111111011111110000000000000000
0000100010000000011111110111111101111111011111110000000000000000
0000100010000000011111110111111101111111011111110000000000000000
0000100010000000011111110111111101111111011111110000000000000000
0000100010000000011111110111111101111111011111110000000000000000
0000100010000000011111110111111101111111011111110000000000000000
0000100010000000011111110111111101111111011111110000000000000000
0000100010000000011111110111111101111111011111110000000000000000
0000100010000000011111110111111101111111011111110000000000000000
0000100010000000011111110111111101111111011111110000000000000000
0000100010000000011111110111111101111111011111110000000000000000
0000100010000000011111110111111101111111011111110000000000000000
0000100010000000011111110111111101111111011111110000000000000000
0000100010000000011111110111111101111111011111110000000000000000
0000100010000000011111110111111101111111011111110000000000000000
0000100010000000011111110111111101111111011111110000000000000000
0000100010000000011111110111111101111111011111110000000000000000
0000100010000000011111110111111101111111011111110000000000000000
0000100010000000011111110111111101111111011111110000000000000000
0000100010000000011111110111111101111111011111110000000000000000
0000100010000000011111110111111101111111011111110000000000000000
0000100010000000011111110111111101111111011111110000000000000000
0000100010000000011111110111111101111111011111110000000000000000
0000100010000000011111110111111101111111011111110000000000000000
0000100010000000011111110111111101111111011111110000000000000000
0000100010000000011111110111111101111111011111110000000000000000
0000100010000000011111110111111101111111011111110000000000000000
0000100010000000011111110111111101111111011111110000000000000000
0000100010000000011111110111111101111111011111110000000000000000
0000100010000000011111110111111101111111011111110000000000000000
0000100010000000011111110111111101111111011111110000000000000000
0000100010000000011111110111111101111111011111110000000000000000
0000100010000000011111110111111101111111011111110000000000000000
0000100010000000011111110111111101111111011111110000000000000000
0000100010000000011111110111111101111111011111110000000000000000
0000100010000000011111110111111101111111011111110000000000000000
0000100010000000011111110111111101111111011111110000000000000000
0000100010000000011111110111111101111111011111110000000000000000
0000100010000000011111110111111101111111011111110000000000000000
0000100010000000011111110111111101111111011111110000000000000000
0000100010000000011111110111111101111111011111110000000000000000
0000100010000000011111110111111101111111011111110000000000000000
0000100010000000011111110111111101111111011111110000000000000000
0000100010000000011111110111111101111111011111110000000000000000
0000100010000000011111110111111101111111011111110000000000000000
0000100010000000011111110111111101111111011111110000000000000000
0000100010000000011111110111111101111111011111110000000000000000
0000100010000000011111110111111101111111011111110000000000000000
0000100010000000011111110111111101111111011111110000000000000000
0000100010000000011111110111111101111111011111110000000000000000
0000100010000000011111110111111101111111011111110000000000000000
0000100010000000011111110111111101111111011111110000000000000000
0000100010000000011111110111111101111111011111110000000000000000
0000100010000000011111110111111101111111011111110000000000000000
0000100010000000011111110111111101111111011111110000000000000000
0000100010000000011111110111111101111111011111110000000000000000
0000100010000000011111110111111101111111011111110000000000000000
0000100010000000011111110111111101111111011111110000000000000000
0000100010000000011111110111111101111111011111110000000000000000
0000100010000000011111110111111101111111011111110000000000000000
0000100010000000011111110111111101111111011111110000000000000000
0000100010000000011111110111111101111111011111110000000000000000
0000100010000000011111110111111101111111011111110000000000000000
0000100010000000011111110111111101111111011111110000000000000000
0000100010000000011111110111111101111111011111110000000000000000
0000100010000000011111110111111101111111011111110000000000000000
0000100010000000011111110111111101111111011111110000000000000000
0000100010000000011111110111111101111111011111110000000000000000
0000100010000000011111110111111101111111011111110000000000000000
0000100010000000011111110111111101111111011111110000000000000000
0000100010000000011111110111111101111111011111110000000000000000
0000100010000000011111110111111101111111011111110000000000000000
0000100010000000011111110111111101111111011111110000000000000000
0000100010000000011111110111111101111111011111110000000000000000
000010001000000001