10011111110111111101111111011111110000000000000000
0000000010000000011111110111111101111111011111110000000000000000
00000010000000011111110111111101111111011111110000000000000000
0000000010000000011111110111111101111111011111110000000000000000
000000000010000000011111110111111101111111011111110000000000000000
0000000010000000011111110111111101111111011111110000000000000000
0000000010000000011111110111111101111111011111110000000000000000
0000000010000000011111110111111101111111011111110000000000000000
0000000010000000011111110111111101111111011111110000000000000000
0000000010000000011111110111111101111111011111110000000000000000
0000000010000000011111110111111101111111011111110000000000000000
0000000010000000011111110111111101111111011111110000000000000000
0000000010000000011111110111111101111111011111110000000000000000
0000000010000000011111110111111101111111011111110000000000000000
0000000010000000011111110111111101111111011111110000000000000000
0000000010000000011111110111111101111111011111110000000000000000
0000000010000000011111110111111101111111011111110000000000000000
0000000010000000011111110111111101111111011111110000000000000000
0000000010000000011111110111111101111111011111110000000000000000
0000000010000000011111110111111101111111011111110000000000000000
0000000010000000011111110111111101111111011111110000000000000000
0000000010000000011111110111111101111111011111110000000000000000
0000000010000000011111110111111101111111011111110000000000000000
0000000010000000011111110111111101111111011111110000000000000000
0000000010000000011111110111111101111111011111110000000000000000
0000000010000000011111110111111101111111011111110000000000000000
0000000010000000011111110111111101111111011111110000000000000000
0000000010000000011111110111111101111111011111110000000000000000
0000000010000000011111110111111101111111011111110000000000000000
0000000010000000011111110111111101111111011111110000000000000000
0000000010000000011111110111111101111111011111110000000000000000
0000000010000000011111110111111101111111011111110000000000000000
0000000010000000011111110111111101111111011111110000000000000000
0000000010000000011111110111111101111111011111110000000000000000
0000000010000000011111110111111101111111011111110000000000000000
0000000010000000011111110111111101111111011111110000000000000000
0000000010000000011111110111111101111111011111110000000000000000
0000000010000000011111110111111101111111011111110000000000000000
0000000010000000011111110111111101111111011111110000000000000000
0000000010000000011111110111111101111111011111110000000000000000
0000000010000000011111110111111101111111011111110000000000000000
0000000010000000011111110111111101111111011111110000000000000000
0000000010000000011111110111111101111111011111110000000000000000
0000000010000000011111110111111101111111011111110000000000000000
0000000010000000011111110111111101111111011111110000000000000000
0000000010000000011111110111111101111111011111110000000000000000
0000000010000000011111110111111101111111011111110000000000000000
0000000010000000011111110111111101111111011111110000000000000000
0000000010000000011111110111111101111111011111110000000000000000
0000000010000000011111110111111101111111011111110000000000000000
0000000010000000011111110111111101111111011111110000000000000000
0000000010000000011111110111111101111111011111110000000000000000
0000000010000000011111110111111101111111011111110000000000000000
0000000010000000011111110111111101111111011111110000000000000000
0000000010000000011111110111111101111111011111110000000000000000
0000000010000000011111110111111101111111011111110000000000000000
0000000010000000011111110111111101111111011111110000000000000000
0000000010000000011111110111111101111111011111110000000000000000
0000000010000000011111110111111101111111011111110000000000000000
0000000010000000011111110111111101111111011111110000000000000000
0000000010000000011111110111111101111111011111110000000000000000
0000000010000000011111110111111101111111011111110000000000000000
0000000010000000011111110111111101111111011111110000000000000000
0000000010000000011111110111111101111111011111110000000000000000
0000000010000000011111110111111101111111011111110000000000000000
0000000010000000011111110111111101111111011111110000000000000000
0000000010000000011111110111111101111111011111110000000000000000
0000000010000000011111110111111101111111011111110000000000000000
0000000010000000011111110111111101111111011111110000000000000000
0000000010000000011111110111111101111111011111110000000000000000
0000000010000000011111110111111101111111011111110000000000000000
0000000010000000011111110111111101111111011111110000000000000000
0000000010000000011111110111111101111111011111110000000000000000
0000000010000000011111110111111101111111011111110000000000000000
0000000010000000011111110111111101111111011111110000000000000000
0000000010000000011111110111111101111111011111110000000000000000
0000000010000000011111110111111101111111011111110000000000000000
0000000010000000011111110111111101111111011111110000000000000000
0000000010000000011111110111111101111111011111110000000000000000
0000000010000000011111110111111101111111011111110000000000000000
0000000010000010011111110111111101111111011111110000000000000000
0000000010000010011111110111111101111111011111110000000000000000
0000000010000010011111110111111101111111011111110000000000000000
0000000010000010011111110111111101111111011111110000000000000000
0000000010000010011111110111111101111111011111110000000000000000
0000000010000010011111110111111101111111011111110000000000000000
0000000010000010011111110111111101111111011111110000000000000000
0000000010000010011111110111111101111111011111110000000000000000
0000000010000010011111110111111101111111011111110000000000000000
0000000010000010011111110111111101111111011111110000000000000000
0000000010000010011111110111111101111111011111110000000000000000
0000000010000010011111110111111101111111011111110000000000000000
0000000010000010011111110111111101111111011111110000000000000000
0000000010000010011111110111111101111111011111110000000000000000
0000000010000010011111110111111101111111011111110000000000000000
0000000010000010011111110111111101111111011111110000000000000000
0000000010000010011111110111111101111111011111110000000000000000
0000000010000010011111110111111101111111011111110000000000000000
0000000010000010011111110111111101111111011111110000000000000000
0000000010000010011111110111111101111111011111110000000000000000
0000000010000010011111110111111101111111011111110000000000000000
0000000010000010011111110111111101111111011111110000000000000000
0000000010000010011111110111111101111111011111110000000000000000
0000000010000010011111110111111101111111011111110000000000000000
0000000010000010011111110111111101111111011111110000000000000000
0000000010000010011111110111111101111111011111110000000000000000
0000000010000010011111110111111101111111011111110000000000000000
0000000010000010011111110111111101111111011111110000000000000000
0000000010000010011111110111111101111111011111110000000000000000
0000000010000010011111110111111101111111011111110000000000000000
0000000010000010011111110111111101111111011111110000000000000000
0000000010000010011111110111111101111111011111110000000000000000
0000000010000010011111110111111101111111011111110000000000000000
0000000010000010011111110111111101111111011111110000000000000000
0000000010000010011111110111111101111111011111110000000000000000
0000000010000010011111110111111101111111011111110000000000000000
0000000010000010011111110111111101111111011111110000000000000000
0000000010000010011111110111111101111111011111110000000000000000
0000000010000010011111110111111101111111011111110000000000000000
0000000010000010011111110111111101111111011111110000000000000000
0000000010000010011111110111111101111111011111110000000000000000
0000000010000010011111110111111101111111011111110000000000000000
0000000010000010011111110111111101111111011111110000000000000000
0000000010000010011111110111111101111111011111110000000000000000
0000000010000010011111110111111101111111011111110000000000000000
0000000010000010011111110111111101111111011111110000000000000000
0000000010000010011111110111111101111111011111110000000000000000
0000000010000010011111110111111101111111011111110000000000000000
0000000010000010011111110111111101111111011111110000000000000000
0000000010000010011111110111111101111111011111110000000000000000
0000000010000010011111110111111101111111011111110000000000000000
0000000010000010011111110111111101111111011111110000000000000000
0000000010000010011111110111111101111111011111110000000000000000
0000000010000010011111110111111101111111011111110000000000000000
0000000010000010011111110111111101111111011111110000000000000000
0000000010000010011111110111111101111111011111110000000000000000
0000000010000010011111110111111101111111011111110000000000000000
0000000010000010011111110111111101111111011111110000000000000000
0000000010000010011111110111111101111111011111110000000000000000
0000000010000010011111110111111101111111011111110000000000000000
0000000010000010011111110111111101111111011111110000000000000000
0000000010000010011111110111111101111111011111110000000000000000
0000000010000010011111110111111101111111011111110000000000000000
0000000010000010011111110111111101111111011111110000000000000000
0000000010000010011111110111111101111111011111110000000000000000
0000000010000010011111110111111101111111011111110000000000000000
0000000010000010011111110111111101111111011111110000000000000000
0000000010000010011111110111111101111111011111110000000000000000
0000000010000010011111110111111101111111011111110000000000000000
0000000010000010011111110111111101111111011111110000000000000000
0000000010000010011111110111111101111111011111110000000000000000
0000000010000010011111110111111101111111011111110000000000000000
0000000010000010011111110111111101111111011111110000000000000000
0000000010000010011111110111111101111111011111110000000000000000
0000000010000010011111110111111101111111011111110000000000000000
0000000010000010011111110111111101111111011111110000000000000000
0000000010000010011111110111111101111111011111110000000000000000
0000000010000010011111110111111101111111011111110000000000000000
0000000010000010011111110111111101111111011111110000000000000000
0000000010000010011111110111111101111111011111110000000000000000
0000000010000010011111110111111101111111011111110000000000000000
0000000010000010011111110111111101111111011111110000000000000000
0000000010000010011111110111111101111111011111110000000000000000
0000000010000010011111110111111101111111011111110000000000000000
0000000010000010011111110111111101111111011111110000000000000000
0000000010000010011111110111111101111111011111110000000000000000
0000000010000010011111110111111101111111011111110000000000000000
0000000010000010011111110111111101111111011111110000000000000000
0000000010000010011111110111111101111111011111110000000000000000
0000000010000010011111110111111101111111011111110000000000000000
0000000010000010011111110111111101111111011111110000000000000000
0000000010000010011111110111111101111111011111110000000000000000
0000000010000010011111110111111101111111011111110000000000000000
0000000010000010011111110111111101111111011111110000000000000000
0000000010000010011111110111111101111111011111110000000000000000
0000000010000010011111110111111101111111011111110000000000000000
0000000010000010011111110111111101111111011111110000000000000000
0000000010000010011111110111111101111111011111110000000000000000
0000000010000010011111110111111101111111011111110000000000000000
0000000010000010011111110111111101111111011111110000000000000000
0000000010000010011111110111111101111111011111110000000000000000
0000000010000010011111110111111101111111011111110000000000000000
0000000010000010011111110111111101111111011111110000000000000000
0000000010000010011111110111111101111111011111110000000000000000
0000000010000010011111110111111101111111011111110000000000000000
0000000010000010011111110111111101111111011111110000000000000000
0000000010000010011111110111111101111111011111110000000000000000
0000000010000010011111110111111101111111011111110000000000000000
0000000010000010011111110111111101111111011111110000000000000000
0000000010000010011111110111111101111111011111110000000000000000
0000000010000010011111110111111101111111011111110000000000000000
0000000010000010011111110111111101111111011111110000000000000000
0000000010000010011111110111111101111111011111110000000000000000
0000000010000010011111110111111101111111011111110000000000000000
0000000010000010011111110111111101111111011111110000000000000000
0000000010000010011111110111111101111111011111110000000000000000
0000000010000010011111110111111101111111011111110000000000000000
0000000010000010011111110111111101111111011111110000000000000000
0000000010000010011111110111111101111111011111110000000000000000
0000000010000010011111110111111101111111011111110000000000000000
0000000010000010011111110111111101111111011111110000000000000000
0000000010000010011111110111111101111111011111110000000000000000
0000000010000010011111110111111101111111011111110000000000000000
0000000010000010011111110111111101111111011111110000000000000000
0000000010000010011111110111111101111111011111110000000000000000
0000000010000010011111110111111101111111011111110000000000000000
0000000010000010011111110111111101111111011111110000000000000000
0000000010000010011111110111111101111111011111110000000000000000
0000000010000010011111110111111101111111011111110000000000000000
0000000010000010011111110111111101111111011111110000000000000000
0000000010000010011111110111111101111111011111110000000000000000
0000000010000010011111110111111101111111011111110000000000000000
0000000010000010011111110111111101111111011111110000000000000000
0000000010000010011111110111111101111111011111110000000000000000
0000000010000010011111110111111101111111011111110000000000000000
0000000010000010011111110111111101111111011111110000000000000000
000000001000001001111111011111110111111101111111000000