011111011111110000000000000000
0000000000000011111110111111101111111011111110000000000000000
0000000010000000011111110111111101111111011111110000000000000000
000000000000000010000000011111110111111101111111011111110000000000000000
0000000010000000011111110111111101111111011111110000000000000000
0000000010000000011111110111111101111111011111110000000000000000
0000000010000000011111110111111101111111011111110000000000000000
0000000010000000011111110111111101111111011111110000000000000000
0000000010000000011111110111111101111111011111110000000000000000
0000000010000000011111110111111101111111011111110000000000000000
0000000010000000011111110111111101111111011111110000000000000000
0000000010000000011111110111111101111111011111110000000000000000
0000000010000000011111110111111101111111011111110000000000000000
0000000010000000011111110111111101111111011111110000000000000000
0000000010000000011111110111111101111111011111110000000000000000
0000000010000000011111110111111101111111011111110000000000000000
0000000010000000011111110111111101111111011111110000000000000000
0000000010000000011111110111111101111111011111110000000000000000
0000000010000000011111110111111101111111011111110000000000000000
0000000010000000011111110111111101111111011111110000000000000000
0000000010000000011111110111111101111111011111110000000000000000
0000000010000000011111110111111101111111011111110000000000000000
0000000010000000011111110111111101111111011111110000000000000000
0000000010000000011111110111111101111111011111110000000000000000
0000000010000000011111110111111101111111011111110000000000000000
0000000010000000011111110111111101111111011111110000000000000000
0000000010000000011111110111111101111111011111110000000000000000
0000000010000000011111110111111101111111011111110000000000000000
0000000010000000011111110111111101111111011111110000000000000000
0000000010000000011111110111111101111111011111110000000000000000
0000000010000000011111110111111101111111011111110000000000000000
0000000010000000011111110111111101111111011111110000000000000000
0000000010000000011111110111111101111111011111110000000000000000
0000000010000000011111110111111101111111011111110000000000000000
0000000010000000011111110111111101111111011111110000000000000000
0000000010000000011111110111111101111111011111110000000000000000
0000000010000000011111110111111101111111011111110000000000000000
0000000010000000011111110111111101111111011111110000000000000000
0000000010000000011111110111111101111111011111110000000000000000
0000000010000000011111110111111101111111011111110000000000000000
0000000010000000011111110111111101111111011111110000000000000000
0000000010000000011111110111111101111111011111110000000000000000
0000000010000000011111110111111101111111011111110000000000000000
0000000010000000011111110111111101111111011111110000000000000000
0000000010000000011111110111111101111111011111110000000000000000
0000000010000000011111110111111101111111011111110000000000000000
0000000010000000011111110111111101111111011111110000000000000000
0000000010000000011111110111111101111111011111110000000000000000
0000000010000000011111110111111101111111011111110000000000000000
0000000010000000011111110111111101111111011111110000000000000000
0000000010000000011111110111111101111111011111110000000000000000
0000000010000000011111110111111101111111011111110000000000000000
0000000010000000011111110111111101111111011111110000000000000000
0000000010000000011111110111111101111111011111110000000000000000
0000000010000000011111110111111101111111011111110000000000000000
0000000010000000011111110111111101111111011111110000000000000000
0000000010000000011111110111111101111111011111110000000000000000
0000000010000000011111110111111101111111011111110000000000000000
0000000010000000011111110111111101111111011111110000000000000000
0000000010000000011111110111111101111111011111110000000000000000
0000000010000000011111110111111101111111011111110000000000000000
0000000010000000011111110111111101111111011111110000000000000000
0000000010000000011111110111111101111111011111110000000000000000
0000000010000000011111110111111101111111011111110000000000000000
0000000010000000011111110111111101111111011111110000000000000000
0000000010000000011111110111111101111111011111110000000000000000
0000000010000000011111110111111101111111011111110000000000000000
0000000010000000011111110111111101111111011111110000000000000000
0000000010000000011111110111111101111111011111110000000000000000
0000000010000000011111110111111101111111011111110000000000000000
0000000010000000011111110111111101111111011111110000000000000000
0000000010000000011111110111111101111111011111110000000000000000
0000000010000000011111110111111101111111011111110000000000000000
0000000010000000011111110111111101111111011111110000000000000000
0000000010000000011111110111111101111111011111110000000000000000
0000000010000000011111110111111101111111011111110000000000000000
0000000010000000011111110111111101111111011111110000000000000000
0000000010000000011111110111111101111111011111110000000000000000
0000000010000000011111110111111101111111011111110000000000000000
0000000010000000011111110111111101111111011111110000000000000000
0000000010000000011111110111111101111111011111110000000000000000
0000000010000000011111110111111101111111011111110000000000000000
0000000010000000011111110111111101111111011111110000000000000000
0000000010000001011111110111111101111111011111110000000000000000
0000000010000001011111110111111101111111011111110000000000000000
0000000010000001011111110111111101111111011111110000000000000000
0000000010000001011111110111111101111111011111110000000000000000
0000000010000001011111110111111101111111011111110000000000000000
0000000010000001011111110111111101111111011111110000000000000000
0000000010000001011111110111111101111111011111110000000000000000
0000000010000001011111110111111101111111011111110000000000000000
0000000010000001011111110111111101111111011111110000000000000000
0000000010000001011111110111111101111111011111110000000000000000
0000000010000001011111110111111101111111011111110000000000000000
0000000010000001011111110111111101111111011111110000000000000000
0000000010000001011111110111111101111111011111110000000000000000
0000000010000001011111110111111101111111011111110000000000000000
0000000010000001011111110111111101111111011111110000000000000000
0000000010000001011111110111111101111111011111110000000000000000
0000000010000001011111110111111101111111011111110000000000000000
0000000010000001011111110111111101111111011111110000000000000000
0000000010000001011111110111111101111111011111110000000000000000
0000000010000001011111110111111101111111011111110000000000000000
0000000010000001011111110111111101111111011111110000000000000000
0000000010000001011111110111111101111111011111110000000000000000
0000000010000001011111110111111101111111011111110000000000000000
0000000010000001011111110111111101111111011111110000000000000000
0000000010000001011111110111111101111111011111110000000000000000
0000000010000001011111110111111101111111011111110000000000000000
0000000010000001011111110111111101111111011111110000000000000000
0000000010000001011111110111111101111111011111110000000000000000
0000000010000001011111110111111101111111011111110000000000000000
0000000010000001011111110111111101111111011111110000000000000000
0000000010000001011111110111111101111111011111110000000000000000
0000000010000001011111110111111101111111011111110000000000000000
0000000010000001011111110111111101111111011111110000000000000000
0000000010000001011111110111111101111111011111110000000000000000
0000000010000001011111110111111101111111011111110000000000000000
0000000010000001011111110111111101111111011111110000000000000000
0000000010000001011111110111111101111111011111110000000000000000
0000000010000001011111110111111101111111011111110000000000000000
0000000010000001011111110111111101111111011111110000000000000000
0000000010000001011111110111111101111111011111110000000000000000
0000000010000001011111110111111101111111011111110000000000000000
0000000010000001011111110111111101111111011111110000000000000000
0000000010000001011111110111111101111111011111110000000000000000
0000000010000001011111110111111101111111011111110000000000000000
0000000010000001011111110111111101111111011111110000000000000000
0000000010000001011111110111111101111111011111110000000000000000
0000000010000001011111110111111101111111011111110000000000000000
0000000010000001011111110111111101111111011111110000000000000000
0000000010000001011111110111111101111111011111110000000000000000
0000000010000001011111110111111101111111011111110000000000000000
0000000010000001011111110111111101111111011111110000000000000000
0000000010000001011111110111111101111111011111110000000000000000
0000000010000001011111110111111101111111011111110000000000000000
0000000010000001011111110111111101111111011111110000000000000000
0000000010000001011111110111111101111111011111110000000000000000
0000000010000001011111110111111101111111011111110000000000000000
0000000010000001011111110111111101111111011111110000000000000000
0000000010000001011111110111111101111111011111110000000000000000
0000000010000001011111110111111101111111011111110000000000000000
0000000010000001011111110111111101111111011111110000000000000000
0000000010000001011111110111111101111111011111110000000000000000
0000000010000001011111110111111101111111011111110000000000000000
0000000010000001011111110111111101111111011111110000000000000000
0000000010000001011111110111111101111111011111110000000000000000
0000000010000001011111110111111101111111011111110000000000000000
0000000010000001011111110111111101111111011111110000000000000000
0000000010000001011111110111111101111111011111110000000000000000
0000000010000001011111110111111101111111011111110000000000000000
0000000010000001011111110111111101111111011111110000000000000000
0000000010000001011111110111111101111111011111110000000000000000
0000000010000001011111110111111101111111011111110000000000000000
0000000010000001011111110111111101111111011111110000000000000000
0000000010000001011111110111111101111111011111110000000000000000
0000000010000001011111110111111101111111011111110000000000000000
0000000010000001011111110111111101111111011111110000000000000000
0000000010000001011111110111111101111111011111110000000000000000
0000000010000001011111110111111101111111011111110000000000000000
0000000010000001011111110111111101111111011111110000000000000000
0000000010000001011111110111111101111111011111110000000000000000
0000000010000001011111110111111101111111011111110000000000000000
0000000010000001011111110111111101111111011111110000000000000000
0000000010000001011111110111111101111111011111110000000000000000
0000000010000001011111110111111101111111011111110000000000000000
0000000010000001011111110111111101111111011111110000000000000000
0000000010000001011111110111111101111111011111110000000000000000
0000000010000001011111110111111101111111011111110000000000000000
0000000010000001011111110111111101111111011111110000000000000000
0000000010000001011111110111111101111111011111110000000000000000
0000000010000001011111110111111101111111011111110000000000000000
0000000010000001011111110111111101111111011111110000000000000000
0000000010000001011111110111111101111111011111110000000000000000
0000000010000001011111110111111101111111011111110000000000000000
0000000010000001011111110111111101111111011111110000000000000000
0000000010000001011111110111111101111111011111110000000000000000
0000000010000001011111110111111101111111011111110000000000000000
0000000010000001011111110111111101111111011111110000000000000000
0000000010000001011111110111111101111111011111110000000000000000
0000000010000001011111110111111101111111011111110000000000000000
0000000010000001011111110111111101111111011111110000000000000000
0000000010000001011111110111111101111111011111110000000000000000
0000000010000001011111110111111101111111011111110000000000000000
0000000010000001011111110111111101111111011111110000000000000000
0000000010000001011111110111111101111111011111110000000000000000
0000000010000001011111110111111101111111011111110000000000000000
0000000010000001011111110111111101111111011111110000000000000000
0000000010000001011111110111111101111111011111110000000000000000
0000000010000001011111110111111101111111011111110000000000000000
0000000010000001011111110111111101111111011111110000000000000000
0000000010000001011111110111111101111111011111110000000000000000
0000000010000001011111110111111101111111011111110000000000000000
0000000010000001011111110111111101111111011111110000000000000000
0000000010000001011111110111111101111111011111110000000000000000
0000000010000001011111110111111101111111011111110000000000000000
0000000010000001011111110111111101111111011111110000000000000000
0000000010000001011111110111111101111111011111110000000000000000
0000000010000001011111110111111101111111011111110000000000000000
0000000010000001011111110111111101111111011111110000000000000000
0000000010000001011111110111111101111111011111110000000000000000
0000000010000001011111110111111101111111011111110000000000000000
0000000010000001011111110111111101111111011111110000000000000000
0000000010000001011111110111111101111111011111110000000000000000
0000000010000001011111110111111101111111011111110000000000000000
00000000100000