0000000010000000011111110111111101111111011111110000000000000
0000000010000000011111110111111101111111011111110000000000000000
00000000100000000111111101111111011111110111111100000000000000000000010000000011111110111111101111111011111110000000000000000
0000000010000000011111110111111101111111011111110000000000000000
0000000010000000011111110111111101111111011111110000000000000000
0000000010000000011111110111111101111111011111110000000000000000
0000000010000000011111110111111101111111011111110000000000000000
0000000010000000011111110111111101111111011111110000000000000000
0000000010000000011111110111111101111111011111110000000000000000
0000000010000000011111110111111101111111011111110000000000000000
0000000010000000011111110111111101111111011111110000000000000000
0000000010000000011111110111111101111111011111110000000000000000
0000000010000000011111110111111101111111011111110000000000000000
0000000010000000011111110111111101111111011111110000000000000000
0000000010000000011111110111111101111111011111110000000000000000
0000000010000000011111110111111101111111011111110000000000000000
0000000010000000011111110111111101111111011111110000000000000000
0000000010000000011111110111111101111111011111110000000000000000
0000000010000000011111110111111101111111011111110000000000000000
0000000010000000011111110111111101111111011111110000000000000000
0000000010000000011111110111111101111111011111110000000000000000
0000000010000000011111110111111101111111011111110000000000000000
0000000010000000011111110111111101111111011111110000000000000000
0000000010000000011111110111111101111111011111110000000000000000
0000000010000000011111110111111101111111011111110000000000000000
0000000010000000011111110111111101111111011111110000000000000000
0000000010000000011111110111111101111111011111110000000000000000
0000000010000000011111110111111101111111011111110000000000000000
0000000010000000011111110111111101111111011111110000000000000000
0000000010000000011111110111111101111111011111110000000000000000
0000000010000000011111110111111101111111011111110000000000000000
0000000010000000011111110111111101111111011111110000000000000000
0000000010000000011111110111111101111111011111110000000000000000
0000000010000000011111110111111101111111011111110000000000000000
0000000010000000011111110111111101111111011111110000000000000000
0000000010000000011111110111111101111111011111110000000000000000
0000000010000000011111110111111101111111011111110000000000000000
0000000010000000011111110111111101111111011111110000000000000000
0000000010000000011111110111111101111111011111110000000000000000
0000000010000000011111110111111101111111011111110000000000000000
0000000010000000011111110111111101111111011111110000000000000000
0000000010000000011111110111111101111111011111110000000000000000
0000000010000000011111110111111101111111011111110000000000000000
0000000010000000011111110111111101111111011111110000000000000000
0000000010000000011111110111111101111111011111110000000000000000
0000000010000000011111110111111101111111011111110000000000000000
0000000010000000011111110111111101111111011111110000000000000000
0000000010000000011111110111111101111111011111110000000000000000
0000000010000000011111110111111101111111011111110000000000000000
0000000010000000011111110111111101111111011111110000000000000000
0000000010000000011111110111111101111111011111110000000000000000
0000000010000000011111110111111101111111011111110000000000000000
0000000010000000011111110111111101111111011111110000000000000000
0000000010000000011111110111111101111111011111110000000000000000
0000000010000000011111110111111101111111011111110000000000000000
0000000010000000011111110111111101111111011111110000000000000000
0000000010000000011111110111111101111111011111110000000000000000
0000000010000000011111110111111101111111011111110000000000000000
0000000010000000011111110111111101111111011111110000000000000000
0000000010000000011111110111111101111111011111110000000000000000
0000000010000000011111110111111101111111011111110000000000000000
0000000010000000011111110111111101111111011111110000000000000000
0000000010000000011111110111111101111111011111110000000000000000
0000000010000000011111110111111101111111011111110000000000000000
0000000010000000011111110111111101111111011111110000000000000000
0000000010000000011111110111111101111111011111110000000000000000
0000000010000000011111110111111101111111011111110000000000000000
0000000010000000011111110111111101111111011111110000000000000000
0000000010000000011111110111111101111111011111110000000000000000
0000000010000000011111110111111101111111011111110000000000000000
0000000010000000011111110111111101111111011111110000000000000000
0000000010000000011111110111111101111111011111110000000000000000
0000000010000000011111110111111101111111011111110000000000000000
0000000010000000011111110111111101111111011111110000000000000000
0000000010000000011111110111111101111111011111110000000000000000
0000000010000000011111110111111101111111011111110000000000000000
0000000010000000011111110111111101111111011111110000000000000000
0000000010000000011111110111111101111111011111110000000000000000
0000000010000000011111110111111101111111011111110000000000000000
0000000010000000011111110111111101111111011111110000000000000000
0000000010000000011111110111111101111111011111110000000000000000
0000000010000000011111110111111101111111011111110000000000000000
0000000010000000011111110111111101111111011111110000000000000000
0000000010000000011111110111111101111111011111110000000000000000
0000000010000000011111110111111101111111011111110000000000000000
0000000010000000011111110111111101111111011111110000000000000000
0000000010000000011111110111111101111111011111110000000000000000
0000000010000000011111110111111101111111011111110000000000000000
0000000010000000011111110111111101111111011111110000000000000000
0000000010000000011111110111111101111111011111110000000000000000
0000000010000000011111110111111101111111011111110000000000000000
0000000010000000011111110111111101111111011111110000000000000000
0000000010000000011111110111111101111111011111110000000000000000
0000000010000000011111110111111101111111011111110000000000000000
0000000010000000011111110111111101111111011111110000000000000000
0000000010000000011111110111111101111111011111110000000000000000
0000000010000000011111110111111101111111011111110000000000000000
0000000010000000011111110111111101111111011111110000000000000000
0000000010000000011111110111111101111111011111110000000000000000
0000000010000000011111110111111101111111011111110000000000000000
0000000010000000011111110111111101111111011111110000000000000000
0000000010000000011111110111111101111111011111110000000000000000
0000000010000000011111110111111101111111011111110000000000000000
0000000010000000011111110111111101111111011111110000000000000000
0000000010000000011111110111111101111111011111110000000000000000
0000000010000000011111110111111101111111011111110000000000000000
0000000010000000011111110111111101111111011111110000000000000000
0000000010000000011111110111111101111111011111110000000000000000
0000000010000000011111110111111101111111011111110000000000000000
0000000010000000011111110111111101111111011111110000000000000000
0000000010000000011111110111111101111111011111110000000000000000
0000000010000000011111110111111101111111011111110000000000000000
0000000010000000011111110111111101111111011111110000000000000000
0000000010000000011111110111111101111111011111110000000000000000
0000000010000000011111110111111101111111011111110000000000000000
0000000010000000011111110111111101111111011111110000000000000000
0000000010000000011111110111111101111111011111110000000000000000
0000000010000000011111110111111101111111011111110000000000000000
0000000010000000011111110111111101111111011111110000000000000000
0000000010000000011111110111111101111111011111110000000000000000
0000000010000000011111110111111101111111011111110000000000000000
0000000010000000011111110111111101111111011111110000000000000000
0000000010000000011111110111111101111111011111110000000000000000
0000000010000000011111110111111101111111011111110000000000000000
0000000010000000011111110111111101111111011111110000000000000000
0000000010000000011111110111111101111111011111110000000000000000
0000000010000000011111110111111101111111011111110000000000000000
0000000010000000011111110111111101111111011111110000000000000000
0000000010000000011111110111111101111111011111110000000000000000
0000000010000000011111110111111101111111011111110000000000000000
0000000010000000011111110111111101111111011111110000000000000000
0000000010000000011111110111111101111111011111110000000000000000
0000000010000000011111110111111101111111011111110000000000000000
0000000010000000011111110111111101111111011111110000000000000000
0000000010000000011111110111111101111111011111110000000000000000
0000000010000000011111110111111101111111011111110000000000000000
0000000010000000011111110111111101111111011111110000000000000000
0000000010000000011111110111111101111111011111110000000000000000
0000000010000000011111110111111101111111011111110000000000000000
0000000010000000011111110111111101111111011111110000000000000000
0000000010000000011111110111111101111111011111110000000000000000
0000000010000000011111110111111101111111011111110000000000000000
0000000010000000011111110111111101111111011111110000000000000000
0000000010000000011111110111111101111111011111110000000000000000
0000000010000000011111110111111101111111011111110000000000000000
0000000010000000011111110111111101111111011111110000000000000000
0000000010000000011111110111111101111111011111110000000000000000
0000000010000000100100110111111101111111011111110000000000000000
0000000010000000111000100111111101111111011111110000000000000000
0000000010000000111011100111111101111111011111110000000000000000
0000000010000000111011100111111101111111011111110000000000000000
0000000010000000111011100111111101111111011111110000000000000000
0000000010000000111011100111111101111111011111110000000000000000
0000000010000000111011100111111101111111011111110000000000000000
0000000010000000111011100111111101111111011111110000000000000000
0000000010000000111011100111111101111111011111110000000000000000
0000000010000000111011100111111101111111011111110000000000000000
0000000010000000111011100111111101111111011111110000000000000000
0000000010000000111011100111111101111111011111110000000000000000
0000000010000000111011100111111101111111011111110000000000000000
0000000010000000111011100111111101111111011111110000000000000000
0000000010000000111011100111111101111111011111110000000000000000
0000000010000000111011100111111101111111011111110000000000000000
0000000010000000111011100111111101111111011111110000000000000000
0000000010000000111011100111111101111111011111110000000000000000
0000000010000000111011100111111101111111011111110000000000000000
0000000010000000111011100111111101111111011111110000000000000000
0000000010000000111011100111111101111111011111110000000000000000
0000000010000000111011100111111101111111011111110000000000000000
0000000010000000111011100111111101111111011111110000000000000000
0000000010000000111011100111111101111111011111110000000000000000
0000000010000000111011100111111101111111011111110000000000000000
0000000010000000111011100111111101111111011111110000000000000000
0000000010000000111011100111111101111111011111110000000000000000
0000000010000000111011100111111101111111011111110000000000000000
0000000010000000111011100111111101111111011111110000000000000000
0000000010000000111011100111111101111111011111110000000000000000
0000000010000000111011100111111101111111011111110000000000000000
0000000010000000111011100111111101111111011111110000000000000000
0000000010000000111011100111111101111111011111110000000000000000
0000000010000000111011100111111101111111011111110000000000000000
0000000010000000111011100111111101111111011111110000000000000000
0000000010000000111011100111111101111111011111110000000000000000
0000000010000000111011100111111101111111011111110000000000000000
0000000010000000111011100111111101111111011111110000000000000000
0000000010000000111011100111111101111111011111110000000000000000
0000000010000000111011100111111101111111011111110000000000000000
0000000010000000111011100111111101111111011111110000000000000000
0000000010000000111011100111111101111111011111110000000000000000
0000000010000000111011100111111101111111011111110000000000000000
0000000010000000111011100111111101111111011111110000000000000000
0000000010000000111011100111111101111111011111110000000000000000
0000000010000000111011100111111101111111011111110000000000000000
0000000010000000111011100111111101111111011111110000000000000000
0000000010000000111011100111111101111111011111110000000000000000
0000000010000000111011100111111101111111011111110000000000000000
0000000010000000111011100111111101111111011111110000000000000000
0000000010000000111011100111111101111111011111110000000000000000
0000000010000000111011100111111101111111011111110000000000000000
0000000010000000111011100111111101111111011111110000000000000000
0000000010000000111011100111111101111111011111110000000000000000
0000000010000000111011100111111101111111011111110000000000000000
0000000010000000111011100111111101111111011111110000000000000000
0000000010000000111011100111111101111111011111110000000000000000
0000000010000000111011100111111101111111011111110000000000000000
0000000010000000111011100111111101111111011111110000000000000000
0000000010000000111011100111111101111111011111110000000000000000
0000000010000000111011100111111101111111011111110000000000000000
0000000010000000111011100111111101111111011111110000000000000000
0000000010000000111011100111111101111111011111110000000000000000
0000000010000000111011100111111101111111011111110000000000000000
0000000010000000111011100111111101111111011111110000000000000000
0000000010000000111011100111111101111111011111110000000000000000
0000000010000000111011100111111101111111011111110000000000000000
0000000010000000111011100111111101111111011111110000000000000000
0000000010000000111011100111111101111111011111110000000000000000
0000000010000000111011100111111101111111011111110000000000000000
0000000010000000111011100111111101111111011111110000000000000000
0000000010000000111011100111111101111111011111110000000000000000
0000000010000000111011100111111101111111011111110000000000000000
0000000010000000111011100111111101111111011111110000000000000000
0000000010000000111011100111111101111111011111110000000000000000
0000000010000000111011100111111101111111011111110000000000000000
0000000010000000111011100111111101111111011111110000000000000000
0000000010000000111011100111111101111111011111110000000000000000
0000000010000000111011100111111101111111011111110000000000000000
0000000010000000111011100111111101111111011111110000000000000000
0000000010000000111011100111111101111111011111110000000000000000
0000000010000000111011100111111101111111011111110000000000000000
0000000010000000111011100111111101111111011111110000000000000000
0000000010000000111011100111111101111111011111110000000000000000
0000000010000000111011100111111101111111011111110000000000000000
0000000010000000111011100111111101111111011111110000000000000000
0000000010000000111011100111111101111111011111110000000000000000
0000000010000000111011100111111101111111011111110000000000000000
0000000010000000111011100111111101111111011111110000000000000000
0000000010000000111011100111111101111111011111110000000000000000
0000000010000000111011100111111101111111011111110000000000000000
0000000010000000111011100111111101111111011111110000000000000000
0000000010000000111011100111111101111111011111110000000000000000
0000000010000000111011100111111101111111011111110000000000000000
0000000010000000111011100111111101111111011111110000000000000000
0000000010000000111011100111111101111111011111110000000000000000
0000000010000000111011100111111101111111011111110000000000000000
0000000010000000111011100111111101111111011111110000000000000000
0000000010000000111011100111111101111111011111110000000000000000
0000000010000000111011100111111101111111011111110000000000000000
0000000010000000111011100111111101111111011111110000000000000000
0000000010000000111011100111111101111111011111110000000000000000
0000000010000000111011100111111101111111011111110000000000000000
0000000010000000111011100111111101111111011111110000000000000000
0000000010000000111011100111111101111111011111110000000000000000
0000000010000000111011100111111101111111011111110000000000000000
0000000010000000111011100111111101111111011111110000000000000000
0000000010000000111011100111111101111111011111110000000000000000
0000000010000000111011100111111101111111011111110000000000000000
0000000010000000111011100111111101111111011111110000000000000000
0000000010000000111011100111111101111111011111110000000000000000
0000000010000000111011100111111101111111011111110000000000000000
0000000010000000111011100111111101111111011111110000000000000000
0000000010000000111011100111111101111111011111110000000000000000
0000000010000000111011100111111101111111011111110000000000000000
0000000010000000111011100111111101111111011111110000000000000000
0000000010000000111011100111111101111111011111110000000000000000
0000000010000000111011100111111101111111011111110000000000000000
0000000010000000111011100111111101111111011111110000000000000000
0000000010000000111011100111111101111111011111110000000000000000
0000000010000000111011100111111101111111011111110000000000000000
0000000010000000111011100111111101111111011111110000000000000000
0000000010000000111011100111111101111111011111110000000000000000
0000000010000000111011100111111101111111011111110000000000000000
0000000010000000111011100111111101111111011111110000000000000000
0000000010000000111011100111111101111111011111110000000000000000
0000000010000000111011100111111101111111011111110000000000000000
0000000010000000111011100111111101111111011111110000000000000000
0000000010000000111011100111111101111111011111110000000000000000
0000000010000000111011100111111101111111011111110000000000000000
0000000010000000111011100111111101111111011111110000000000000000
0000000010000000111011100111111101111111011111110000000000000000
0000000010000000111011100111111101111111011111110000000000000000
0000000010000000111011100111111101111111011111110000000000000000
0000000010000000111011100111111101111111011