11110111111101111111011111110000000000000000 
00000010000000011111110111111101111111011111110000000000000000 
0000000010000000011111110111111101111111011111110000000000000000 
000000000010000000011111110111111101111111011111110000000000000000 
0000000010000000011111110111111101111111011111110000000000000000 
0000000010000000011111110111111101111111011111110000000000000000 
0000000010000000011111110111111101111111011111110000000000000000 
0000000010000000011111110111111101111111011111110000000000000000 
0000000010000000011111110111111101111111011111110000000000000000 
0000000010000000011111110111111101111111011111110000000000000000 
0000000010000000011111110111111101111111011111110000000000000000 
0000000010000000011111110111111101111111011111110000000000000000 
0000000010000000011111110111111101111111011111110000000000000000 
0000000010000000011111110111111101111111011111110000000000000000 
0000000010000000011111110111111101111111011111110000000000000000 
0000000010000000011111110111111101111111011111110000000000000000 
0000000010000000011111110111111101111111011111110000000000000000 
0000000010000000011111110111111101111111011111110000000000000000 
0000000010000000011111110111111101111111011111110000000000000000 
0000000010000000011111110111111101111111011111110000000000000000 
0000000010000000011111110111111101111111011111110000000000000000 
0000000010000000011111110111111101111111011111110000000000000000 
0000000010000000011111110111111101111111011111110000000000000000 
0000000010000000011111110111111101111111011111110000000000000000 
0000000010000000011111110111111101111111011111110000000000000000 
0000000010000000011111110111111101111111011111110000000000000000 
0000000010000000011111110111111101111111011111110000000000000000 
0000000010000000011111110111111101111111011111110000000000000000 
0000000010000000011111110111111101111111011111110000000000000000 
0000000010000000011111110111111101111111011111110000000000000000 
0000000010000000011111110111111101111111011111110000000000000000 
0000000010000000011111110111111101111111011111110000000000000000 
0000000010000000011111110111111101111111011111110000000000000000 
0000000010000000011111110111111101111111011111110000000000000000 
0000000010000000011111110111111101111111011111110000000000000000 
0000000010000000011111110111111101111111011111110000000000000000 
0000000010000000011111110111111101111111011111110000000000000000 
0000000010000000011111110111111101111111011111110000000000000000 
0000000010000000011111110111111101111111011111110000000000000000 
0000000010000000011111110111111101111111011111110000000000000000 
0000000010000000011111110111111101111111011111110000000000000000 
0000000010000000011111110111111101111111011111110000000000000000 
0000000010000000011111110111111101111111011111110000000000000000 
0000000010000000011111110111111101111111011111110000000000000000 
0000000010000000011111110111111101111111011111110000000000000000 
0000000010000000011111110111111101111111011111110000000000000000 
0000000010000000011111110111111101111111011111110000000000000000 
0000000010000000011111110111111101111111011111110000000000000000 
0000000010000000011111110111111101111111011111110000000000000000 
0000000010000000011111110111111101111111011111110000000000000000 
0000000010000000011111110111111101111111011111110000000000000000 
0000000010000000011111110111111101111111011111110000000000000000 
0000000010000000011111110111111101111111011111110000000000000000 
0000000010000000011111110111111101111111011111110000000000000000 
0000000010000000011111110111111101111111011111110000000000000000 
0000000010000000011111110111111101111111011111110000000000000000 
0000000010000000011111110111111101111111011111110000000000000000 
0000000010000000011111110111111101111111011111110000000000000000 
0000000010000000011111110111111101111111011111110000000000000000 
0000000010000000011111110111111101111111011111110000000000000000 
0000000010000000011111110111111101111111011111110000000000000000 
0000000010000000011111110111111101111111011111110000000000000000 
0000000010000000011111110111111101111111011111110000000000000000 
0000000010000000011111110111111101111111011111110000000000000000 
0000000010000000011111110111111101111111011111110000000000000000 
0000000010000000011111110111111101111111011111110000000000000000 
0000000010000000011111110111111101111111011111110000000000000000 
0000000010000000011111110111111101111111011111110000000000000000 
0000000010000000011111110111111101111111011111110000000000000000 
0000000010000000011111110111111101111111011111110000000000000000 
0000000010000000011111110111111101111111011111110000000000000000 
0000000010000000011111110111111101111111011111110000000000000000 
0000000010000000011111110111111101111111011111110000000000000000 
0000000010000000011111110111111101111111011111110000000000000000 
0000000010000000011111110111111101111111011111110000000000000000 
0000000010000000011111110111111101111111011111110000000000000000 
0000000010000000011111110111111101111111011111110000000000000000 
0000000010000000011111110111111101111111011111110000000000000000 
0000000010000000011111110111111101111111011111110000000000000000 
0000000010000000011111110111111101111111011111110000000000000000 
0000000010000000011111110111111101111111011111110000000000000000 
0000000010000000011111110111111101111111011111110000000000000000 
0000000010000000011111110111111101111111011111110000000000000000 
0000000010000000011111110111111101111111011111110000000000000000 
0000000010000000011111110111111101111111011111110000000000000000 
0000000010000000011111110111111101111111011111110000000000000000 
0000000010000000011111110111111101111111011111110000000000000000 
0000000010000000011111110111111101111111011111110000000000000000 
0000000010000000011111110111111101111111011111110000000000000000 
0000000010000000011111110111111101111111011111110000000000000000 
0000000010000000011111110111111101111111011111110000000000000000 
0000000010000000011111110111111101111111011111110000000000000000 
0000000010000000011111110111111101111111011111110000000000000000 
0000000010000000011111110111111101111111011111110000000000000000 
0000000010000000011111110111111101111111011111110000000000000000 
0000000010000000011111110111111101111111011111110000000000000000 
0000000010000000011111110111111101111111011111110000000000000000 
0000000010000000011111110111111101111111011111110000000000000000 
0000000010000000011111110111111101111111011111110000000000000000 
0000000010000000011111110111111101111111011111110000000000000000 
0000000010000000011111110111111101111111011111110000000000000000 
0000000010000000011111110111111101111111011111110000000000000000 
0000000010000000011111110111111101111111011111110000000000000000 
0000000010000000011111110111111101111111011111110000000000000000 
0000000010000000011111110111111101111111011111110000000000000000 
0000000010000000011111110111111101111111011111110000000000000000 
0000000010000000011111110111111101111111011111110000000000000000 
0000000010000000011111110111111101111111011111110000000000000000 
0000000010000000011111110111111101111111011111110000000000000000 
0000000010000000011111110111111101111111011111110000000000000000 
0000000010000000011111110111111101111111011111110000000000000000 
0000000010000000011111110111111101111111011111110000000000000000 
0000000010000000011111110111111101111111011111110000000000000000 
0000000010000000011111110111111101111111011111110000000000000000 
0000000010000000011111110111111101111111011111110000000000000000 
0000000010000000011111110111111101111111011111110000000000000000 
0000000010000000011111110111111101111111011111110000000000000000 
0000000010000000011111110111111101111111011111110000000000000000 
0000000010000000011111110111111101111111011111110000000000000000 
0000000010000000011111110111111101111111011111110000000000000000 
0000000010000000011111110111111101111111011111110000000000000000 
0000000010000000011111110111111101111111011111110000000000000000 
0000000010000000011111110111111101111111011111110000000000000000 
0000000010000000011111110111111101111111011111110000000000000000 
0000000010000000011111110111111101111111011111110000000000000000 
0000000010000000011111110111111101111111011111110000000000000000 
0000000010000000011111110111111101111111011111110000000000000000 
0000000010000000011111110111111101111111011111110000000000000000 
0000000010000000011111110111111101111111011111110000000000000000 
0000000010000000011111110111111101111111011111110000000000000000 
0000000010000000011111110111111101111111011111110000000000000000 
0000000010000000011111110111111101111111011111110000000000000000 
0000000010000000011111110111111101111111011111110000000000000000 
0000000010000000011111110111111101111111011111110000000000000000 
0000000010000000011111110111111101111111011111110000000000000000 
0000000010000000011111110111111101111111011111110000000000000000 
0000000010000000011111110111111101111111011111110000000000000000 
0000000010000000011111110111111101111111011111110000000000000000 
0000000010000000011111110111111101111111011111110000000000000000 
0000000010000000011111110111111101111111011111110000000000000000 
0000000010000000011111110111111101111111011111110000000000000000 
0000000010000000011111110111111101111111011111110000000000000000 
0000000010000000011111110111111101111111011111110000000000000000 
0000000010000000011111110111111101111111011111110000000000000000 
0000000010000000011111110111111101111111011111110000000000000000 
0000000010000000011111110111111101111111011111110000000000000000 
0000000010000000011111110111111101111111011111110000000000000000 
0000000010000000011111110111111101111111011111110000000000000000 
0000000010000000011111110111111101111111011111110000000000000000 
0000000010000000011111110111111101111111011111110000000000000000 
0000000010000000011111110111111101111111011111110000000000000000 
0000000010000000011111110111111101111111011111110000000000000000 
0000000010000000011111110111111101111111011111110000000000000000 
0000000010000000011111110111111101111111011111110000000000000000 
0000000010000000011111110111111101111111011111110000000000000000 
0000000010000000011111110111111101111111011111110000000000000000 
0000000010000000011111110111111101111111011111110000000000000000 
0000000010000000011111110111111101111111011111110000000000000000 
0000000010000000011111110111111101111111011111110000000000000000 
0000000010000000011111110111111101111111011111110000000000000000 
0000000010000000011111110111111101111111011111110000000000000000 
0000000010000000011111110111111101111111011111110000000000000000 
0000000010000000011111110111111101111111011111110000000000000000 
0000000010000000011111110111111101111111011111110000000000000000 
0000000010000000011111110111111101111111011111110000000000000000 
0000000010000000011111110111111101111111011111110000000000000000 
0000000010000000011111110111111101111111011111110000000000000000 
0000000010000000011111110111111101111111011111110000000000000000 
0000000010000000011111110111111101111111011111110000000000000000 
0000000010000000011111110111111101111111011111110000000000000000 
0000000010000000011111110111111101111111011111110000000000000000 
0000000010000000011111110111111101111111011111110000000000000000 
0000000010000000011111110111111101111111011111110000000000000000 
0000000010000000011111110111111101111111011111110000000000000000 
0000000010000000011111110111111101111111011111110000000000000000 
0000000010000000011111110111111101111111011111110000000000000000 
0000000010000000011111110111111101111111011111110000000000000000 
0000000010000000011111110111111101111111011111110000000000000000 
0000000010000000011111110111111101111111011111110000000000000000 
0000000010000000011111110111111101111111011111110000000000000000 
0000000010000000011111110111111101111111011111110000000000000000 
0000000010000000011111110111111101111111011111110000000000000000 
0000000010000000011111110111111101111111011111110000000000000000 
0000000010000000011111110111111101111111011111110000000000000000 
0000000010000000011111110111111101111111011111110000000000000000 
0000000010000000011111110111111101111111011111110000000000000000 
0000000010000000011111110111111101111111011111110000000000000000 
0000000010000000011111110111111101111111011111110000000000000000 
0000000010000000011111110111111101111111011111110000000000000000 
0000000010000000011111110111111101111111011111110000000000000000 
0000000010000000011111110111111101111111011111110000000000000000 
0000000010000000011111110111111101111111011111110000000000000000 
0000000010000000011111110111111101111111011111110000000000000000 
0000000010000000011111110111111101111111011111110000000000000000 
0000000010000000011111110111111101111111011111110000000000000000 
0000000010000000011111110111111101111111011111110000000000000000 
0000000010000000011111110111111101111111011111110000000000000000 
0000000010000000011111110111111101111111011111110000000000000000 
0000000010000000011111110111111101111111011111110000000000000000 
0000000010000000011111110111111101111111011111110000000000000000 
0000000010000000011111110111111101111111011111110000000000000000 
0000000010000000011111110111111101111111011111110000000000000000 
0000000010000000011111110111111101111111011111110000000000000000 
0000000010000000011111110111111101111111011111110000000000000000 
0000000010000000011111110111111101111111011111110000000000000000 
0000000010000000011111110111111101111111011111110000000000000000 
0000000010000000011111110111111101111111011111110000000000000000 
0000000010000000011111110111111101111111011111110000000000000000 
0000000010000000011111110111111101111111011111110000000000000000 
0000000010000000011111110111111101111111011111110000000000000000 
0000000010000000011111110111111101111111011111110000000000000000 
0000000010000000011111110111111101111111011111110000000000000000 
0000000010000000011111110111111101111111011111110000000000000000 
0000000010000000011111110111111101111111011111110000000000000000 
0000000010000000011111110111111101111111011111110000000000000000 
0000000010000000011111110111111101111111011111110000000000000000 
0000000010000000011111110111111101111111011111110000000000000000 
0000000010000000011111110111111101111111011111110000000000000000 
0000000010000000011111110111111101111111011111110000000000000000 
0000000010000000011111110111111101111111011111110000000000000000 
0000000010000000011111110111111101111111011111110000000000000000 
0000000010000000011111110111111101111111011111110000000000000000 
0000000010000000011111110111111101111111011111110000000000000000 
0000000010000000011111110111111101111111011111110000000000000000 
0000000010000000011111110111111101111111011111110000000000000000 
0000000010000000011111110111111101111111011111110000000000000000 
0000000010000000011111110111111101111111011111110000000000000000 
0000000010000000011111110111111101111111011111110000000000000000 
0000000010000000011111110111111101111111011111110000000000000000 
0000000010000000011111110111111101111111011111110000000000000000 
0000000010000000011111110111111101111111011111110000000000000000 
0000000010000000011111110111111101111111011111110000000000000000 
0000000010000000011111110111111101111111011111110000000000000000 
0000000010000000011111110111111101111111011111110000000000000000 
0000000010000000011111110111111101111111011111110000000000000000 
0000000010000000011111110111111101111111011111110000000000000000 
0000000010000000011111110111111101111111011111110000000000000000 
0000000010000000011111110111111101111111011111110000000000000000 
0000000010000000011111110111111101111111011111110000000000000000 
0000000010000000011111110111111101111111011111110000000000000000 
0000000010000000011111110111111101111111011111110000000000000000 
0000000010000000011111110111111101111111011111110000000000000000 
0000000010000000011111110111111101111111011111110000000000000000 
0000000010000000011111110111111101111111011111110000000000000000 
0000000010000000011111110111111101111111011111110000000000000000 
0000000010000000011111110111111101111111011111110000000000000000 
0000000010000000011111110111111101111111011111110000000000000000 
0000000010000000011111110111111101111111011111110000000000000000 
0000000010000000011111110111111101111111011111110000000000000000 
0000000010000000011111110111111101111111011111110000000000000000 
0000000010000000011111110111111101111111011111110000000000000000 
0000000010000000011111110111111101111111011111110000000000000000 
0000000010000000011111110111111101111111011111110000000000000000 
0000000010000000011111110111111101111111011111110000000000000000 
0000000010000000011111110111111101111111011111110000000000000000 
0000000010000000011111110111111101111111011111110000000000000000 
0000000010000000011111110111111101111111011111110000000000000000 
0000000010000000011111110111111101111111011111110000000000000000 
0000000010000000011111110111111101111111011111110000000000000000 
0000000010000000011111110111111101111111011111110000000000000000 
0000000010000000011111110111111101111111011111110000000000000000 
0000000010000000011111110111111101111111011111110000000000000000 
0000000010000000011111110111111101111111011111110000000000000000 
0000000010000000011111110111111101111111011111110000000000000000 
0000000010000000011111110111111101111111011111110000000000000000 
0000000010000000011111110111111101111111011111110000000000000000 
0000000010000000011111110111111101111111011111110000000000000000 
0000000010000000011111110111111101111111011111110000000000000000 
0000000010000000011111110111111101111111011111110000000000000000 
0000000010000000011111110111111101111111011111110000000000000000 
0000000010000000011111110111111101111111011111110000000000000000 
0000000010000000011111110111111101111111011111110000000000000000 
0000000010000000011111110111111101111111011111110000000000000000 
0000000010000000011111110111111101111111011111110000000000000000 
0000000010000000011111110111111101111111011111110000000000000000 
0000000010000000011111110111111101111111011111110000000000000000 
0000000010000000011111110111111101111111011111110000000000000000 
0000000010000000011111110111111101111111011111110000000000000000 
0000000010000000011111110111111101111111011111110000000000000000 
0000000010000000011111110111111101111111011111110000000000000000 
0000000010000000011111110111111101111111011111110000000000000000 
0000000010000000011111110111111101111111011111110000000000000000 
0000000010000000011111110111111101111111011111110000000000000000 
0000000010000000011111110111111101111111011111110000000000000000 
0000000010000000011111110111111101111111011111110000000000000000 
0000000010000000011111110111111101111111011111110000000000000000 
0000000010000000011111110111111101111111011111110000000000000000 
0000000010000000011111110111111101111111011111110000000000000000 
0000000010000000011111110111111101111111011111110000000000000000 
0000000010000000011111110111111101111111011111110000000000000000 
0000000010000000011111110111111101111111011111110000000000000000 
0000000010000000011111110111111101111111011111110000000000000000 
0000000010000000011111110111111101111111011111110000000000000000 
0000000010000000011111110111111101111111011111110000000000000000 
0000000010000000011111110111111101111111011111110000000000000000 
0000000010000000011111110111111101111111011111110000000000000000 
0000000010000000011111110111111101111111011111110000000000000000 
0000000010000000011111110111111101111111011111110000000000000000 
0000000010000000011111110111111101111111011111110000000000000000 
0000000010000000011111110111111101111111011111110000000000000000 
0000000010000000100001000111111101111111011111110000000000000000 
0000000010000000100101000111111101111111011111110000000000000000 
0000000010000000101000010111111101111111011111110000000000000000 
0000000010000000101011100111111101111111011111110000000000000000 
0000000010000000101101100111111101111111011111110000000000000000 
0000000010000000110000000111111101111111011111110000000000000000 
0000000010000000111001010111111101111111011111110000000000000000 
0000000010000000111011100111111101111111011111110000000000000000 
0000000010000000111011100111111101111111011111110000000000000000 
0000000010000000111011100111111101111111011111110000000000000000 
0000000010000000111011100111111101111111011111110000000000000000 
0000000010000000111011100111111101111111011111110000000000000000 
0000000010000000111011100111111101111111011111110000000000000000 
0000000010000000111011100111111101111111011111110000000000000000 
0000000010000000111011100111111101111111011111110000000000000000 
0000000010000000111011100111111101111111011111110000000000000000 
0000000010000000111011100111111101111111011111110000000000000000 
0000000010000000111011100111111101111111011111110000000000000000 
0000000010000000111011100111111101111111011111110000000000000000 
0000000010000000111011100111111101111111011111110000000000000000 
0000000010000000111011100111111101111111011111110000000000000000 
0000000010000000111011100111111101111111011111110000000000000000 
0000000010000000111011100111111101111111011111110000000000000000 
0000000010000000111011100111111101111111011111110000000000000000 
0000000010000000111011100111111101111111011111110000000000000000 
0000000010000000111011100111111101111111011111110000000000000000 
0000000010000000111011100111111101111111011111110000000000000000 
0000000010000000111011100111111101111111011111110000000000000000 
0000000010000000111011100111111101111111011111110000000000000000 
0000000010000000111011100111111101111111011111110000000000000000 
0000000010000000111011100111111101111111011111110000000000000000 
0000000010000000111011100111111101111111011111110000000000000000 
0000000010000000111011100111111101111111011111110000000000000000 
0000000010000000111011100111111101111111011111110000000000000000 
0000000010000000111011100111111101111111011111110000000000000000 
0000000010000000111011100111111101111111011111110000000000000000 
0000000010000000111011100111111101111111011111110000000000000000 
0000000010000000111011100111111101111111011111110000000000000000 
0000000010000000111011100111111101111111011111110000000000000000 
0000000010000000111011100111111101111111011111110000000000000000 
0000000010000000111011100111111101111111011111110000000000000000 
0000000010000000111011100111111101111111011111110000000000000000 
0000000010000000111011100111111101111111011111110000000000000000 
0000000010000000111011100111111101111111011111110000000000000000 
0000000010000000111011100111111101111111011111110000000000000000 
0000000010000000111011100111111101111111011111110000000000000000 
0000000010000000111011100111111101111111011111110000000000000000 
0000000010000000111011100111111101111111011111110000000000000000 
0000000010000000111011100111111101111111011111110000000000000000 
0000000010000000111011100111111101111111011111110000000000000000 
0000000010000000111011100111111101111111011111110000000000000000 
0000000010000000111011100111111101111111011111110000000000000000 
0000000010000000111011100111111101111111011111110000000000000000 
0000000010000000111011100111111101111111011111110000000000000000 
0000000010000000111011100111111101111111011111110000000000000000 
0000000010000000111011100111111101111111011111110000000000000000 
0000000010000000111011100111111101111111011111110000000000000000 
0000000010000000111011100111111101111111011111110000000000000000 
0000000010000000111011100111111101111111011111110000000000000000 
0000000010000000111011100111111101111111011111110000000000000000 
0000000010000000111011100111111101111111011111110000000000000000 
0000000010000000111011100111111101111111011111110000000000000000 
0000000010000000111011100111111101111111011111110000000000000000 
0000000010000000111011100111111101111111011111110000000000000000 
0000000010000000111011100111111101111111011111110000000000000000 
0000000010000000111011100111111101111111011111110000000000000000 
0000000010000000111011100111111101111111011111110000000000000000 
0000000010000000111011100111111101111111011111110000000000000000 
0000000010000000111011100111111101111111011111110000000000000000 
0000000010000000111011100111111101111111011111110000000000000000 
0000000010000000111011100111111101111111011111110000000000000000 
0000000010000000111011100111111101111111011111110000000000000000 
0000000010000000111011100111111101111111011111110000000000000000 
0000000010000000111011100111111101111111011111110000000000000000 
0000000010000000111011100111111101111111011111110000000000000000 
0000000010000000111011100111111101111111011111110000000000000000 
0000000010000000111011100111111101111111011111110000000000000000 
0000000010000000111011100111111101111111011111110000000000000000 
0000000010000000111011100111111101111111011111110000000000000000 
0000000010000000111011100111111101111111011111110000000000000000 
0000000010000000111011100111111101111111011111110000000000000000 
0000000010000000111011100111111101111111011111110000000000000000 
0000000010000000111011100111111101111111011111110000000000000000 
0000000010000000111011100111111101111111011111110000000000000000 
0000000010000000111011100111111101111111011111110000000000000000 
0000000010000000111011100111111101111111011111110000000000000000 
0000000010000000111011100111111101111111011111110000000000000000 
0000000010000000111011100111111101111111011111110000000000000000 
0000000010000000111011100111111101111111011111110000000000000000 
0000000010000000111011100111111101111111011111110000000000000000 
0000000010000000111011100111111101111111011111110000000000000000 
0000000010000000111011100111111101111111011111110000000000000000 
0000000010000000111011100111111101111111011111110000000000000000 
0000000010000000111011100111111101111111011111110000000000000000 
0000000010000000111011100111111101111111011111110000000000000000 
0000000010000000111011100111111101111111011111110000000000000000 
0000000010000000111011100111111101111111011111110000000000000000 
0000000010000000111011100111111101111111011111110000000000000000 
0000000010000000111011100111111101111111011111110000000000000000 
0000000010000000111011100111111101111111011111110000000000000000 
0000000010000000111011100111111101111111011111110000000000000000 
0000000010000000111011100111111101111111011111110000000000000000 
0000000010000000111011100111111101111111011111110000000000000000 
0000000010000000111011100111111101111111011111110000000000000000 
0000000010000000111011100111111101111111011111110000000000000000 
0000000010000000111011100111111101111111011111110000000000000000 
0000000010000000111011100111111101111111011111110000000000000000 
0000000010000000111011100111111101111111011111110000000000000000 
0000000010000000111011100111111101111111011111110000000000000000 
0000000010000000111011100111111101111111011111110000000000000000 
0000000010000000111011100111111101111111011111110000000000000000 
0000000010000000111011100111111101111111011111110000000000000000 
0000000010000000111011100111111101111111011111110000000000000000 
0000000010000000111011100111111101111111011111110000000000000000 
0000000010000000111011100111111101111111011111110000000000000000 
0000000010000000111011100111111101111111011111110000000000000000 
0000000010000000111011100111111101111111011111110000000000000000 
0000000010000000111011100111111101111111011111110000000000000000 
0000000010000000111011100111111101111111011111110000000000000000 
0000000010000000111011100111111101111111011111110000000000000000 
0000000010000000110101000111111101111111011111110000000000000000 
0000000010000000101101110111111101111111011111110000000000000000 
0000000010000000101001110111111101111111011111110000000000000000 
0000000010000000100110000111111101111111011111110000000000000000 
0000000010000000100010000111111101111111011111110000000000000000 
0000000010000000100000000111111101111111011111110000000000000000 
0000000010000000100000000111111101111111011111110000000000000000 
0000000010000000100000000111111101111111011111110000000000000000 
0000000010000000100000000111111101111111011111110000000000000000 
0000000010000000100000000111111101111111011111110000000000000000 
0000000010000000100000000111111101111111011111110000000000000000 
0000000010000000100000000111111101111111011111110000000000000000 
0000000010000000100000000111111101111111011111110000000000000000 
0000000010000000100000000111111101111111011111110000000000000000 
0000000010000000100000000111111101111111011111110000000000000000 
0000000010000000100000000111111101111111011111110000000000000000 
0000000010000000100000000111111101111111011111110000000000000000 
0000000010000000100000000111111101111111011111110000000000000000 
0000000010000000100000000111111101111111011111110000000000000000 
0000000010000000100000000111111101111111011111110000000000000000 
0000000010000000100000000111111101111111011111110000000000000000 
0000000010000000100000000111111101111111011111110000000000000000 
0000000010000000100000000111111101111111011111110000000000000000 
0000000010000000100000000111111101111111011111110000000000000000 
0000000010000000100000000111111101111111011111110000000000000000 
0000000010000000100000000111111101111111011111110000000000000000 
0000000010000000100000000111111101111111011111110000000000000000 
0000000010000000100000000111111101111111011111110000000000000000 
0000000010000000100000000111111101111111011111110000000000000000 
0000000010000000100000000111111101111111011111110000000000000000 
0000000010000000100000000111111101111111011111110000000000000000 
0000000010000000100000000111111101111111011111110000000000000000 
0000000010000000100000000111111101111111011111110000000000000000 
0000000010000000100000000111111101111111011111110000000000000000 
0000000010000000100000000111111101111111011111110000000000000000 
0000000010000000100000000111111101111111011111110000000000000000 
0000000010000000100000000111111101111111011111110000000000000000 
0000000010000000100000000111111101111111011111110000000000000000 
0000000010000000100000000111111101111111011111110000000000000000 
0000000010000000100000000111111101111111011111110000000000000000 
0000000010000000100000000111111101111111011111110000000000000000 
0000000010000000100000000111111101111111011111110000000000000000 
0000000010000000100000000111111101111111011111110000000000000000 
0000000010000000100000000111111101111111011111110000000000000000 
0000000010000000100000000111111101111111011111110000000000000000 
0000000010000000100000000111111101111111011111110000000000000000 
0000000010000000100000000111111101111111011111110000000000000000 
0000000010000000100000000111111101111111011111110000000000000000 
0000000010000000100000000111111101111111011111110000000000000000 
0000000010000000100000000111111101111111011111110000000000000000 
0000000010000000100000000111111101111111011111110000000000000000 
0000000010000000100000000111111101111111011111110000000000000000 
0000000010000000100000000111111101111111011111110000000000000000 
0000000010000000100000000111111101111111011111110000000000000000 
0000000010000000100000000111111101111111011111110000000000000000 
0000000010000000100000000111111101111111011111110000000000000000 
0000000010000000100000000111111101111111011111110000000000000000 
0000000010000000100000000111111101111111011111110000000000000000 
0000000010000000100000000111111101111111011111110000000000000000 
0000000010000000100000000111111101111111011111110000000000000000 
0000000010000000100000000111111101111111011111110000000000000000 
0000000010000000100000000111111101111111011111110000000000000000 
0000000010000000100000000111111101111111011111110000000000000000 
0000000010000000100000000111111101111111011111110000000000000000 
0000000010000000100000000111111101111111011111110000000000000000 
0000000010000000100000000111111101111111011111110000000000000000 
0000000010000000100000000111111101111111011111110000000000000000 
0000000010000000100000000111111101111111011111110000000000000000 
0000000010000000100000000111111101111111011111110000000000000000 
0000000010000000100000000111111101111111011111110000000000000000 
0000000010000000100000000111111101111111011111110000000000000000 
0000000010000000100000000111111101111111011111110000000000000000 
0000000010000000100000000111111101111111011111110000000000000000 
0000000010000000100000000111111101111111011111110000000000000000 
0000000010000000100000000111111101111111011111110000000000000000 
0000000010000000100000000111111101111111011111110000000000000000 
0000000010000000100000000111111101111111011111110000000000000000 
0000000010000000100000000111111101111111011111110000000000000000 
0000000010000000100000000111111101111111011111110000000000000000 
0000000010000000100000000111111101111111011111110000000000000000 
0000000010000000100000000111111101111111011111110000000000000000 
0000000010000000100000000111111101111111011111110000000000000000 
0000000010000000100000000111111101111111011111110000000000000000 
0000000010000000100000000111111101111111011111110000000000000000 
0000000010000000100000000111111101111111011111110000000000000000 
0000000010000000100000000111111101111111011111110000000000000000 
0000000010000000100000000111111101111111011111110000000000000000 
0000000010000000100000000111111101111111011111110000000000000000 
0000000010000000100000000111111101111111011111110000000000000000 
0000000010000000100000000111111101111111011111110000000000000000 
0000000010000000100000000111111101111111011111110000000000000000 
0000000010000000100000000111111101111111011111110000000000000000 
0000000010000000100000000111111101111111011111110000000000000000 
0000000010000000100000000111111101111111011111110000000000000000 
0000000010000000100000000111111101111111011111110000000000000000 
0000000010000000100000000111111101111111011111110000000000000000 
0000000010000000100000000111111101111111011111110000000000000000 
0000000010000000100000000111111101111111011111110000000000000000 
0000000010000000100000000111111101111111011111110000000000000000 
0000000010000000100000000111111101111111011111110000000000000000 
0000000010000000100000000111111101111111011111110000000000000000 
0000000010000000100000000111111101111111011111110000000000000000 
0000000010000000100000000111111101111111011111110000000000000000 
0000000010000000100000000111111101111111011111110000000000000000 
0000000010000000100000000111111101111111011111110000000000000000 
0000000010000000100000000111111101111111011111110000000000000000 
0000000010000000100000000111111101111111011111110000000000000000 
0000000010000000100000000111111101111111011111110000000000000000 
0000000010000000100000000111111101111111011111110000000000000000 
0000000010000000100000000111111101111111011111110000000000000000 
0000000010000000100000000111111101111111011111110000000000000000 
0000000010000000100000000111111101111111011111110000000000000000 
0000000010000000100000000111111101111111011111110000000000000000 
0000000010000000100000000111111101111111011111110000000000000000 
0000000010000000100000000111111101111111011111110000000000000000 
0000000010000000100000000111111101111111011111110000000000000000 
0000000010000000100000000111111101111111011111110000000000000000 
0000000010000000100000000111111101111111011111110000000000000000 
0000000010000000100000000111111101111111011111110000000000000000 
0000000010000000100000000111111101111111011111110000000000000000 
0000000010000000100000000111111101111111011111110000000000000000 
0000000010000000100000000111111101111111011111110000000000000000 
0000000010000000100000000111111101111111011111110000000000000000 
0000000010000000100000000111111101111111011111110000000000000000 
0000000010000000100000000111111101111111011111110000000000000000 
0000000010000000100000000111111101111111011111110000000000000000 
0000000010000000100000000111111101111111011111110000000000000000 
0000000010000000100000000111111101111111011111110000000000000000 
0000000010000000100000000111111101111111011111110000000000000000 
0000000010000000100000000111111101111111011111110000000000000000 
0000000010000000100000000111111101111111011111110000000000000000 
0000000010000000100000000111111101111111011111110000000000000000 
0000000010000000100000000111111101111111011111110000000000000000 
0000000010000000100000000111111101111111011111110000000000000000 
0000000010000000100000000111111101111111011111110000000000000000 
0000000010000000100000000111111101111111011111110000000000000000 
0000000010000000100000000111111101111111011111110000000000000000 
0000000010000000100000000111111101111111011111110000000000000000 
0000000010000000100000000111111101111111011111110000000000000000 
0000000010000000100000000111111101111111011111110000000000000000 
0000000010000000100000000111111101111111011111110000000000000000 
0000000010000000100000000111111101111111011111110000000000000000 
0000000010000000100000000111111101111111011111110000000000000000 
0000000010000000100000000111111101111111011111110000000000000000 
0000000010000000100000000111111101111111011111110000000000000000 
0000000010000000100000000111111101111111011111110000000000000000 
0000000010000000100000000111111101111111011111110000000000000000 
0000000010000000100000000111111101111111011111110000000000000000 
0000000010000000100000000111111101111111011111110000000000000000 
0000000010000000100000000111111101111111011111110000000000000000 
0000000010000000100000000111111101111111011111110000000000000000 
0000000010000000100000000111111101111111011111110000000000000000 
0000000010000000100000000111111101111111011111110000000000000000 
0000000010000000100000000111111101111111011111110000000000000000 
0000000010000000100000000111111101111111011111110000000000000000 
0000000010000000100000000111111101111111011111110000000000000000 
0000000010000000100000000111111101111111011111110000000000000000 
0000000010000000100000000111111101111111011111110000000000000000 
0000000010000000100000000111111101111111011111110000000000000000 
0000000010000000100000000111111101111111011111110000000000000000 
0000000010000000100000000111111101111111011111110000000000000000 
0000000010000000100000000111111101111111011111110000000000000000 
0000000010000000100000000111111101111111011111110000000000000000 
0000000010000000100000000111111101111111011111110000000000000000 
0000000010000000100000000111111101111111011111110000000000000000 
0000000010000000100000000111111101111111011111110000000000000000 
0000000010000000100000000111111101111111011111110000000000000000 
0000000010000000100000000111111101111111011111110000000000000000 
0000000010000000100000000111111101111111011111110000000000000000 
0000000010000000100000000111111101111111011111110000000000000000 
0000000010000000100000000111111101111111011111110000000000000000 
0000000010000000100000000111111101111111011111110000000000000000 
0000000010000000100000000111111101111111011111110000000000000000 
0000000010000000100000000111111101111111011111110000000000000000 
0000000010000000100000000111111101111111011111110000000000000000 
0000000010000000100000000111111101111111011111110000000000000000 
0000000010000000100000000111111101111111011111110000000000000000 
000000001000000010000000011111110111111101111111000000000000000